timestamp,open,high,low,close,volume,close time,Quote assest volume,Number of Trades,Taker BAV,Taker QAV,Unused field,ratio
1681592100000,7.549,7.56,7.549,7.555,2253.4,1681592399999,17021.4924,100,1306.3,9868.4735,0,2.5088
1681592400000,7.551,7.555,7.504,7.528,8494.3,1681592699999,63934.45,497,3807.8,28668.9847,0,2.4941
1681592700000,7.525,7.542,7.518,7.539,8487.4,1681592999999,63899.015,384,4432.4,33383.7567,0,2.4843
1681593000000,7.537,7.537,7.518,7.521,1627.6,1681593299999,12245.1023,123,629.5,4735.5463,0,2.5063
1681593300000,7.522,7.542,7.521,7.533,4445.1,1681593599999,33481.3219,376,1843.9,13892.0302,0,2.5149
1681593600000,7.535,7.542,7.531,7.539,2855.8,1681593899999,21522.3638,261,743.9,5607.6879,0,2.5423
1681593900000,7.539,7.605,7.535,7.569,14419.2,1681594199999,109224.0037,805,9372.8,71007.4013,0,2.5499
1681594200000,7.57,7.616,7.565,7.609,6290.3,1681594499999,47769.7573,477,3566.9,27090.8635,0,2.5651
1681594500000,7.609,7.609,7.586,7.588,3019.9,1681594799999,22938.3895,312,1061.3,8061.4555,0,2.5039
1681594800000,7.592,7.61,7.584,7.593,3936.3,1681595099999,29895.284,304,1678.3,12750.0358,0,2.4352
1681595100000,7.591,7.594,7.531,7.567,13156.9,1681595399999,99392.4228,678,4723.3,35686.3576,0,2.4317
1681595400000,7.567,7.567,7.549,7.555,3153.3,1681595699999,23848.9592,158,685.9,5185.8317,0,2.453
1681595700000,7.557,7.576,7.557,7.565,3223.7,1681595999999,24385.3082,175,2077.1,15712.9307,0,2.5026
1681596000000,7.561,7.564,7.529,7.553,6630.5,1681596299999,50039.6774,323,2414.6,18220.8411,0,2.4953
1681596300000,7.556,7.574,7.556,7.561,2625.9,1681596599999,19865.2879,229,679.1,5138.5473,0,2.5051
1681596600000,7.563,7.594,7.563,7.588,5970.9,1681596899999,45269.4666,466,3318.6,25166.1651,0,2.5174
1681596900000,7.589,7.605,7.588,7.604,4323.4,1681597199999,32832.9369,264,1970.6,14968.7325,0,2.5448
1681597200000,7.604,7.609,7.584,7.6,6236.0,1681597499999,47376.4232,234,3058.2,23244.602,0,2.51
1681597500000,7.599,7.6,7.584,7.597,1716.5,1681597799999,13032.7966,144,775.7,5890.4062,0,2.4941
1681597800000,7.597,7.6,7.579,7.582,3927.4,1681598099999,29798.7328,202,1693.6,12850.7193,0,2.51
1681598100000,7.582,7.594,7.572,7.582,2193.4,1681598399999,16636.7643,109,949.6,7200.4826,0,2.5075
1681598400000,7.583,7.597,7.567,7.589,4234.0,1681598699999,32105.4522,260,1688.7,12806.0252,0,2.5211
1681598700000,7.587,7.606,7.579,7.601,3156.2,1681598999999,23970.8533,242,1841.7,13989.0071,0,2.5075
1681599000000,7.605,7.631,7.578,7.6,11752.3,1681599299999,89415.3707,542,6517.8,49629.1861,0,2.5149
1681599300000,7.604,7.619,7.587,7.593,3043.1,1681599599999,23142.4443,222,923.2,7023.8359,0,2.488
1681599600000,7.589,7.632,7.588,7.628,4450.1,1681599899999,33895.7987,271,2336.4,17793.3198,0,2.4953
1681599900000,7.628,7.629,7.612,7.625,2106.0,1681600199999,16050.3709,148,1044.0,7958.227,0,2.5051
1681600200000,7.623,7.626,7.587,7.619,4718.2,1681600499999,35886.1741,181,1400.9,10664.9272,0,2.4758
1681600500000,7.613,7.632,7.603,7.627,3360.4,1681600799999,25600.6656,212,2250.0,17145.5648,0,2.4807
1681600800000,7.628,7.628,7.607,7.616,2051.3,1681601099999,15626.1137,198,528.0,4023.208,0,2.4795
1681601100000,7.616,7.617,7.588,7.613,3556.6,1681601399999,27042.4499,199,1428.7,10866.831,0,2.459
1681601400000,7.609,7.614,7.602,7.604,1644.9,1681601699999,12517.5036,100,575.2,4376.8918,0,2.4795
1681601700000,7.608,7.625,7.603,7.62,2672.9,1681601999999,20355.4715,176,1400.1,10664.5761,0,2.4734
1681602000000,7.618,7.666,7.607,7.658,10413.8,1681602299999,79617.0641,572,8358.5,63928.6766,0,2.4542
1681602300000,7.657,7.761,7.642,7.668,37954.6,1681602599999,292027.5124,1814,23753.7,182726.5515,0,2.4542
1681602600000,7.667,7.731,7.651,7.705,17292.9,1681602899999,132984.1196,1093,10122.8,77863.0558,0,2.3003
1681602900000,7.704,7.712,7.666,7.672,11209.1,1681603199999,86140.9731,656,5765.7,44316.8269,0,2.1172
1681603200000,7.685,7.686,7.447,7.482,83446.6,1681603499999,629043.5392,3519,29341.6,221366.8407,0,2.1095
1681603500000,7.482,7.541,7.482,7.525,26289.8,1681603799999,197548.0292,1358,14517.8,109083.9258,0,2.0807
1681603800000,7.524,7.54,7.413,7.471,41889.0,1681604099999,312971.4611,1627,12310.6,91984.859,0,2.6832
1681604100000,7.472,7.515,7.453,7.48,18863.7,1681604399999,141280.6287,1075,8554.1,64084.8855,0,2.6846
1681604400000,7.483,7.514,7.476,7.506,10712.1,1681604699999,80334.4559,613,3658.1,27435.4503,0,2.7994
1681604700000,7.506,7.514,7.506,7.512,4033.5,1681604999999,30287.6337,335,1594.0,11972.9923,0,2.8212
1681605000000,7.51,7.573,7.51,7.55,19764.0,1681605299999,149061.6608,840,14163.6,106855.5177,0,2.8226
1681605300000,7.549,7.56,7.516,7.525,8755.9,1681605599999,66018.0483,388,2774.1,20917.3948,0,2.8358
1681605600000,7.527,7.558,7.527,7.558,2135.9,1681605899999,16109.1163,119,1344.7,10137.1537,0,2.7523
1681605900000,7.558,7.568,7.512,7.533,9185.3,1681606199999,69241.125,433,2885.0,21760.7874,0,2.7651
1681606200000,7.534,7.543,7.527,7.539,3255.8,1681606499999,24525.9134,174,2207.7,16631.9746,0,2.7495
1681606500000,7.543,7.544,7.494,7.504,4396.9,1681606799999,33049.3252,325,1638.5,12323.5822,0,2.7665
1681606800000,7.502,7.516,7.455,7.47,13867.2,1681607099999,103831.1897,635,4621.5,34629.1509,0,2.7622
1681607100000,7.471,7.487,7.471,7.487,2596.1,1681607399999,19422.5098,130,1520.7,11376.6708,0,2.7821
1681607400000,7.488,7.488,7.327,7.36,69867.7,1681607699999,516251.6865,2457,20024.0,148003.5859,0,2.8095
1681607700000,7.359,7.407,7.33,7.389,17467.1,1681607999999,128816.6981,740,9886.9,72936.3805,0,2.8197
1681608000000,7.387,7.423,7.379,7.394,14651.8,1681608299999,108407.902,627,7256.0,53686.2533,0,2.7722
1681608300000,7.394,7.424,7.378,7.406,8372.1,1681608599999,62009.1772,407,4465.8,33083.0962,0,2.7383
1681608600000,7.411,7.425,7.404,7.415,4991.5,1681608899999,37012.9978,273,2632.8,19526.48,0,2.7552
1681608900000,7.417,7.449,7.417,7.444,6512.0,1681609199999,48373.4522,289,4368.9,32457.7238,0,2.758
1681609200000,7.445,7.47,7.435,7.438,7548.2,1681609499999,56258.8289,321,3693.2,27529.8515,0,2.7608
1681609500000,7.436,7.489,7.431,7.47,7616.2,1681609799999,56871.3268,374,4741.5,35403.5707,0,2.7523
1681609800000,7.47,7.478,7.404,7.461,14406.7,1681610099999,107183.463,564,4743.3,35290.7981,0,2.7538
1681610100000,7.461,7.494,7.461,7.493,8386.9,1681610399999,62748.6972,298,4422.7,33091.0961,0,2.775
1681610400000,7.494,7.527,7.493,7.512,9286.1,1681610699999,69740.5315,455,4893.4,36760.1537,0,2.7636
1681610700000,7.507,7.529,7.5,7.523,7017.9,1681610999999,52746.2994,321,4691.9,35275.034,0,2.7439
1681611000000,7.522,7.56,7.52,7.548,9867.6,1681611299999,74405.8547,510,6392.2,48210.2199,0,2.7147
1681611300000,7.549,7.557,7.544,7.553,3735.5,1681611599999,28203.3994,303,1885.1,14235.0266,0,2.6996
1681611600000,7.553,7.566,7.552,7.564,4249.8,1681611899999,32124.7112,287,2586.3,19552.7453,0,2.6617
1681611900000,7.564,7.586,7.547,7.547,9405.5,1681612199999,71171.8549,808,4870.8,36876.3954,0,2.659
1681612200000,7.55,7.567,7.535,7.565,7925.7,1681612499999,59865.3468,549,3293.5,24885.1644,0,2.5714
1681612500000,7.565,7.576,7.542,7.547,4127.0,1681612799999,31188.4997,292,1425.5,10780.8899,0,2.5511
1681612800000,7.548,7.595,7.548,7.566,7540.3,1681613099999,57132.1797,429,4061.4,30778.022,0,2.5398
1681613100000,7.566,7.602,7.564,7.597,9003.1,1681613399999,68298.5594,643,4930.3,37407.0989,0,2.5714
1681613400000,7.599,7.633,7.59,7.631,13777.1,1681613699999,104861.095,880,7894.6,60108.7574,0,2.5063
1681613700000,7.631,7.663,7.604,7.611,19211.9,1681613999999,146748.1248,1075,9287.7,70974.8712,0,2.44
1681614000000,7.608,7.652,7.603,7.632,10504.0,1681614299999,80124.3146,725,6034.5,46028.9006,0,2.3367
1681614300000,7.632,7.663,7.597,7.603,17761.1,1681614599999,135483.3414,969,8536.6,65176.4252,0,2.2819
1681614600000,7.599,7.639,7.599,7.624,7145.6,1681614899999,54470.7843,502,3973.3,30288.7992,0,2.1626
1681614900000,7.629,7.638,7.552,7.566,11302.4,1681615199999,85640.0457,650,3805.6,28840.873,0,2.1556
1681615200000,7.564,7.585,7.56,7.572,4788.8,1681615499999,36258.8159,194,1545.5,11704.8122,0,2.1596
1681615500000,7.573,7.573,7.535,7.544,7956.9,1681615799999,60041.3185,393,3159.7,23849.986,0,2.2051
1681615800000,7.547,7.561,7.54,7.547,3102.5,1681616099999,23427.6761,296,1474.8,11137.4804,0,2.2123
1681616100000,7.547,7.571,7.547,7.557,3486.1,1681616399999,26345.1121,217,1596.1,12064.6904,0,2.2563
1681616400000,7.563,7.566,7.535,7.546,3905.2,1681616699999,29463.8761,270,1623.2,12249.5326,0,2.2144
1681616700000,7.546,7.546,7.449,7.483,29712.8,1681616999999,222263.8948,1153,9124.4,68238.1407,0,2.2584
1681617000000,7.485,7.489,7.457,7.472,10049.5,1681617299999,75124.966,656,3888.7,29081.8811,0,2.269
1681617300000,7.472,7.488,7.46,7.485,8347.5,1681617599999,62408.9996,653,3340.1,24981.3078,0,2.5186
1681617600000,7.484,7.533,7.483,7.507,12072.4,1681617899999,90581.8616,673,5249.6,39405.4558,0,2.5587
1681617900000,7.508,7.539,7.508,7.531,5447.5,1681618199999,40997.2298,272,3648.1,27460.4118,0,2.5894
1681618200000,7.531,7.56,7.522,7.526,7898.9,1681618499999,59570.0742,402,2798.9,21121.8301,0,2.5842
1681618500000,7.524,7.534,7.519,7.53,2130.8,1681618799999,16039.0621,181,886.1,6671.5105,0,2.5474
1681618800000,7.528,7.552,7.518,7.527,4061.4,1681619099999,30596.0716,224,2327.1,17536.5843,0,2.5486
1681619100000,7.528,7.537,7.523,7.53,1664.9,1681619399999,12535.8149,95,493.8,3718.3862,0,2.5486
1681619400000,7.53,7.532,7.499,7.505,6525.3,1681619699999,49019.1263,304,2042.5,15346.6818,0,2.5474
1681619700000,7.509,7.513,7.485,7.499,6192.3,1681619999999,46442.2493,250,2144.7,16089.2361,0,2.5613
1681620000000,7.503,7.517,7.496,7.509,3265.1,1681620299999,24515.7464,146,1600.4,12018.8584,0,2.574
1681620300000,7.51,7.517,7.487,7.508,6335.9,1681620599999,47538.0027,271,3116.2,23386.1985,0,2.5842
1681620600000,7.509,7.518,7.507,7.516,1781.0,1681620899999,13381.4944,109,1027.3,7719.8396,0,2.5971
1681620900000,7.514,7.524,7.511,7.512,2347.1,1681621199999,17644.0484,140,1335.5,10040.1605,0,2.5765
1681621200000,7.513,7.529,7.513,7.529,3394.1,1681621499999,25536.9899,217,1791.2,13479.9083,0,2.5817
1681621500000,7.527,7.552,7.522,7.543,2911.6,1681621799999,21937.1076,177,1990.7,14997.2179,0,2.5971
1681621800000,7.543,7.55,7.531,7.538,3052.4,1681622099999,23013.7766,165,1234.3,9305.4473,0,2.5932
1681622100000,7.537,7.547,7.531,7.544,2704.5,1681622399999,20393.0855,177,1172.3,8839.9349,0,2.6153
1681622400000,7.54,7.549,7.518,7.541,4482.8,1681622699999,33771.1126,190,1878.8,14160.3833,0,2.6417
1681622700000,7.546,7.547,7.515,7.537,3022.9,1681622999999,22762.033,159,980.1,7379.5734,0,2.6443
1681623000000,7.537,7.567,7.537,7.564,5714.2,1681623299999,43180.6401,428,3937.2,29753.2331,0,2.639
1681623300000,7.565,7.597,7.56,7.59,6944.5,1681623599999,52642.6251,333,4505.9,34166.0723,0,2.686
1681623600000,7.59,7.644,7.582,7.637,23632.6,1681623899999,179986.6917,1381,14027.6,106875.6438,0,2.663
1681623900000,7.638,7.747,7.621,7.731,41287.1,1681624199999,317058.3165,2143,26205.3,201320.4083,0,2.6049
1681624200000,7.738,7.745,7.683,7.689,34355.4,1681624499999,264830.0624,1654,20717.4,159694.9358,0,2.3602
1681624500000,7.689,7.746,7.682,7.73,21243.5,1681624799999,164031.9107,866,12477.1,96327.1786,0,2.2595
1681624800000,7.733,7.733,7.672,7.683,29033.5,1681625099999,223271.3819,1380,17095.3,131471.4986,0,2.2144
1681625100000,7.683,7.712,7.677,7.679,15729.6,1681625399999,120903.4662,490,7749.8,59592.5178,0,2.2175
1681625400000,7.68,7.698,7.65,7.667,10950.9,1681625699999,84030.6759,395,5121.9,39320.133,0,2.2723
1681625700000,7.668,7.684,7.665,7.679,8706.4,1681625999999,66799.2351,369,3909.3,30001.0113,0,2.3025
1681626000000,7.68,7.687,7.665,7.665,5711.7,1681626299999,43802.602,197,1035.9,7948.7596,0,2.33
1681626300000,7.665,7.665,7.626,7.637,7670.9,1681626599999,58593.103,342,2359.1,18024.6192,0,2.3356
1681626600000,7.633,7.669,7.63,7.645,5610.8,1681626899999,42927.4671,450,2700.1,20661.8604,0,2.349
1681626900000,7.649,7.704,7.649,7.685,10153.5,1681627199999,77996.3015,523,5991.5,46024.2664,0,2.3422
1681627200000,7.689,7.695,7.682,7.688,4013.4,1681627499999,30860.1683,179,1990.0,15304.1915,0,2.3434
1681627500000,7.683,7.684,7.633,7.651,5472.0,1681627799999,41921.8435,313,2083.5,15963.9563,0,2.3267
1681627800000,7.651,7.656,7.64,7.644,2302.1,1681628099999,17609.6887,118,1019.9,7801.9141,0,2.3201
1681628100000,7.646,7.657,7.631,7.641,3367.9,1681628399999,25738.6154,166,1820.9,13916.5209,0,2.3591
1681628400000,7.642,7.666,7.62,7.623,8754.3,1681628699999,66878.1849,434,3048.0,23303.8104,0,2.3434
1681628700000,7.623,7.623,7.6,7.607,8384.7,1681628999999,63784.5952,499,2514.5,19133.6828,0,2.3389
1681629000000,7.607,7.612,7.537,7.547,22950.3,1681629299999,173680.7681,1090,6018.4,45555.8337,0,2.51
1681629300000,7.546,7.57,7.546,7.567,8514.9,1681629599999,64379.9819,488,3757.2,28407.4986,0,2.6114
1681629600000,7.569,7.579,7.564,7.573,3875.5,1681629899999,29338.3889,324,1521.7,11520.9466,0,2.6996
1681629900000,7.573,7.585,7.57,7.581,2178.2,1681630199999,16507.9915,214,700.1,5306.8125,0,2.7313
1681630200000,7.581,7.599,7.57,7.594,3933.0,1681630499999,29841.1748,358,2287.4,17356.0842,0,2.7439
1681630500000,7.595,7.644,7.592,7.628,14980.3,1681630799999,114132.4706,662,9755.0,74329.7331,0,2.7453
1681630800000,7.628,7.628,7.602,7.602,5243.7,1681631099999,39925.899,213,1204.3,9172.6169,0,2.758
1681631100000,7.604,7.609,7.598,7.603,2897.7,1681631399999,22037.4387,157,740.5,5631.9025,0,2.723
1681631400000,7.602,7.614,7.595,7.602,5032.9,1681631699999,38264.1111,243,1542.1,11725.6702,0,2.7552
1681631700000,7.597,7.618,7.585,7.593,6764.1,1681631999999,51411.0951,311,2492.2,18951.3971,0,2.7836
1681632000000,7.593,7.629,7.584,7.629,7273.1,1681632299999,55353.2881,331,3213.8,24463.7197,0,2.7893
1681632300000,7.629,7.629,7.618,7.622,4504.8,1681632599999,34353.6626,224,1717.0,13091.6252,0,2.7722
1681632600000,7.624,7.624,7.615,7.617,2517.9,1681632899999,19178.5634,93,767.0,5842.6608,0,2.8081
1681632900000,7.617,7.62,7.589,7.591,3812.3,1681633199999,28982.3415,239,1451.5,11031.1354,0,2.7793
1681633200000,7.596,7.62,7.591,7.6,4672.7,1681633499999,35550.4814,216,3338.5,25406.7519,0,2.775
1681633500000,7.601,7.609,7.591,7.595,1859.3,1681633799999,14125.2442,97,613.7,4665.6107,0,2.7608
1681633800000,7.595,7.599,7.59,7.59,3794.3,1681634099999,28810.099,136,652.6,4957.6911,0,2.7622
1681634100000,7.591,7.594,7.583,7.584,5161.2,1681634399999,39158.4137,180,424.0,3217.7381,0,2.7453
1681634400000,7.583,7.601,7.571,7.584,5020.4,1681634699999,38076.1898,295,2657.4,20158.9323,0,2.7064
1681634700000,7.585,7.648,7.583,7.633,7426.0,1681634999999,56625.654,362,5484.4,41823.2456,0,2.6832
1681635000000,7.634,7.691,7.634,7.656,13128.7,1681635299999,100573.7819,606,6783.4,51965.1521,0,2.6603
1681635300000,7.659,7.749,7.652,7.708,26618.1,1681635599999,205078.1742,1147,14991.5,115579.8229,0,2.6941
1681635600000,7.706,7.741,7.674,7.733,22159.6,1681635899999,170657.2748,882,13453.7,103647.6183,0,2.686
1681635900000,7.732,7.746,7.626,7.633,18081.5,1681636199999,138765.9244,982,6884.0,52884.1344,0,2.5199
1681636200000,7.633,7.701,7.619,7.653,15218.9,1681636499999,116641.0214,907,7873.8,60373.9817,0,2.5039
1681636500000,7.653,7.724,7.646,7.693,13140.1,1681636799999,101051.0432,482,9384.8,72178.9815,0,2.6819
1681636800000,7.691,7.691,7.625,7.686,12233.2,1681637099999,93741.7002,637,5693.2,43620.4389,0,2.6245
1681637100000,7.686,7.773,7.683,7.743,26696.4,1681637399999,206439.3773,1020,11844.9,91590.7852,0,2.5499
1681637400000,7.743,7.744,7.662,7.686,20806.7,1681637699999,160190.0058,654,5897.5,45419.3125,0,2.5625
1681637700000,7.687,7.706,7.677,7.698,4235.2,1681637999999,32572.8138,198,2233.1,17175.5109,0,2.5511
1681638000000,7.698,7.763,7.698,7.719,15194.8,1681638299999,117483.2254,660,9772.2,75560.3427,0,2.5765
1681638300000,7.716,7.8,7.714,7.799,24922.6,1681638599999,193545.8009,973,14873.6,115501.661,0,2.5881
1681638600000,7.793,7.807,7.757,7.795,25232.7,1681638899999,196381.8333,923,13543.3,105451.3446,0,2.5474
1681638900000,7.796,7.796,7.737,7.755,15647.8,1681639199999,121506.6915,698,7185.0,55789.1928,0,2.5575
1681639200000,7.756,7.758,7.662,7.688,30925.2,1681639499999,237868.0876,1239,11497.2,88491.068,0,2.5613
1681639500000,7.695,7.708,7.685,7.704,3533.4,1681639799999,27201.2066,138,2173.1,16735.32,0,2.5842
1681639800000,7.705,7.726,7.705,7.71,4416.1,1681640099999,34069.9275,191,1162.0,8968.0904,0,2.5971
1681640100000,7.714,7.786,7.71,7.768,8962.1,1681640399999,69458.0999,557,5893.2,45678.3607,0,2.6127
1681640400000,7.774,7.792,7.725,7.737,6801.1,1681640699999,52697.7354,415,2301.4,17841.1761,0,2.6206
1681640700000,7.737,7.78,7.721,7.78,9412.5,1681640999999,72987.7299,441,6460.8,50116.4058,0,2.5971
1681641000000,7.777,7.78,7.705,7.758,16414.0,1681641299999,127143.3322,676,8019.0,62168.5437,0,2.6114
1681641300000,7.76,7.78,7.728,7.74,8674.9,1681641599999,67245.8014,333,3628.4,28154.1805,0,2.5553
1681641600000,7.744,7.767,7.7,7.767,9273.0,1681641899999,71688.5533,472,4092.5,31668.0061,0,2.5562
1681641900000,7.766,7.78,7.75,7.757,8352.4,1681642199999,64875.7533,366,4988.3,38751.2875,0,2.5932
1681642200000,7.757,7.776,7.731,7.744,7945.9,1681642499999,61608.5247,353,3432.7,26629.9368,0,2.6153
1681642500000,7.746,7.751,7.728,7.733,3795.7,1681642799999,29372.5659,220,1527.9,11826.6799,0,2.6114
1681642800000,7.733,7.753,7.733,7.74,2881.6,1681643099999,22309.5329,154,924.2,7158.6381,0,2.6206
1681643100000,7.739,7.761,7.732,7.752,4252.3,1681643399999,32952.6831,150,2429.3,18830.3994,0,2.6298
1681643400000,7.76,7.845,7.759,7.811,23716.7,1681643699999,185060.8768,633,17333.2,135221.3703,0,2.6284
1681643700000,7.81,7.815,7.778,7.778,10698.9,1681643999999,83365.4882,413,4142.1,32296.7565,0,2.5842
1681644000000,7.787,7.8,7.76,7.792,7855.4,1681644299999,61098.6402,441,4324.3,33652.105,0,2.5323
1681644300000,7.789,7.795,7.769,7.777,3964.0,1681644599999,30847.327,220,1765.5,13743.1867,0,2.5002
1681644600000,7.777,7.788,7.758,7.783,3987.3,1681644899999,30998.6728,220,2305.3,17925.0414,0,2.4953
1681644900000,7.783,7.798,7.741,7.775,11568.3,1681645199999,89852.9678,508,5637.1,43833.6586,0,2.5386
1681645200000,7.777,7.794,7.766,7.775,4560.4,1681645499999,35477.9197,235,2216.7,17241.7563,0,2.5311
1681645500000,7.777,7.794,7.752,7.785,10224.9,1681645799999,79485.2705,400,4307.3,33501.7088,0,2.5753
1681645800000,7.783,7.799,7.769,7.785,7202.5,1681646099999,56091.0662,219,3396.1,26456.9197,0,2.5778
1681646100000,7.786,7.81,7.777,7.777,3651.7,1681646399999,28455.6417,168,1355.5,10569.1136,0,2.5804
1681646400000,7.777,7.778,7.662,7.695,35663.4,1681646699999,274899.906,1079,7669.5,59167.9091,0,2.5511
1681646700000,7.694,7.704,7.54,7.587,62456.0,1681646999999,474507.1583,2165,16756.1,127345.8562,0,2.5727
1681647000000,7.586,7.619,7.582,7.614,12371.9,1681647299999,94085.4888,707,4951.1,37659.8987,0,2.5461
1681647300000,7.614,7.658,7.614,7.64,12111.9,1681647599999,92455.3093,564,7948.2,60682.3989,0,2.9017
1681647600000,7.634,7.654,7.627,7.654,4178.5,1681647899999,31923.7739,288,2505.1,19147.3755,0,2.882
1681647900000,7.654,7.673,7.65,7.668,5746.3,1681648199999,43995.0822,291,2740.2,20989.8997,0,2.7864
1681648200000,7.662,7.679,7.65,7.678,6694.2,1681648499999,51318.943,408,4017.7,30812.8066,0,2.7411
1681648500000,7.677,7.68,7.659,7.677,1898.9,1681648799999,14569.903,250,1191.9,9148.7828,0,2.6166
1681648800000,7.676,7.677,7.65,7.665,3215.7,1681649099999,24645.8921,281,1531.3,11740.4037,0,2.5727
1681649100000,7.665,7.669,7.65,7.656,3323.1,1681649399999,25439.3763,266,1198.1,9174.2003,0,2.5511
1681649400000,7.656,7.691,7.65,7.689,5037.5,1681649699999,38631.1842,235,2883.6,22119.5472,0,2.5587
1681649700000,7.691,7.761,7.69,7.743,10741.0,1681649999999,82922.2687,514,6885.2,53185.7003,0,2.5499
1681650000000,7.744,7.76,7.675,7.709,17207.9,1681650299999,132642.6142,864,6088.5,46936.3695,0,2.5224
1681650300000,7.71,7.723,7.708,7.708,2836.5,1681650599999,21880.6007,153,1582.3,12207.359,0,2.4495
1681650600000,7.708,7.732,7.69,7.696,3750.3,1681650899999,28911.2617,228,2320.2,17886.8384,0,2.4819
1681650900000,7.697,7.719,7.697,7.706,1407.8,1681651199999,10853.0252,150,921.7,7104.9451,0,2.4795
1681651200000,7.706,7.723,7.703,7.705,2896.6,1681651499999,22335.8705,233,1844.0,14220.692,0,2.4507
1681651500000,7.706,7.717,7.66,7.696,6994.9,1681651799999,53761.8004,473,2532.5,19479.004,0,2.4412
1681651800000,7.696,7.706,7.663,7.671,2840.3,1681652099999,21830.6481,157,1294.0,9955.998,0,2.4305
1681652100000,7.671,7.678,7.622,7.65,8869.0,1681652399999,67829.1548,401,2918.0,22323.9801,0,2.4412
1681652400000,7.65,7.663,7.626,7.64,5944.2,1681652699999,45440.541,451,2216.0,16943.9552,0,2.465
1681652700000,7.642,7.658,7.625,7.643,5868.5,1681652999999,44844.5054,534,2475.9,18930.4173,0,2.6377
1681653000000,7.646,7.653,7.57,7.593,15472.2,1681653299999,117675.3794,725,6189.4,47109.9533,0,2.69
1681653300000,7.591,7.606,7.553,7.602,8974.7,1681653599999,68002.0379,410,4001.0,30319.8781,0,2.7051
1681653600000,7.602,7.623,7.581,7.601,7543.4,1681653899999,57324.2921,330,2216.7,16861.4608,0,2.712
1681653900000,7.608,7.617,7.59,7.599,5404.5,1681654199999,41108.5292,267,1052.9,8013.3963,0,2.7313
1681654200000,7.595,7.595,7.569,7.581,3876.7,1681654499999,29382.539,195,1509.4,11441.0624,0,2.7821
1681654500000,7.581,7.612,7.57,7.594,8607.5,1681654799999,65344.3089,334,3917.3,29749.4088,0,2.7979
1681654800000,7.594,7.606,7.577,7.602,3421.0,1681655099999,25978.9501,200,1626.1,12350.3891,0,2.7523
1681655100000,7.597,7.627,7.597,7.61,4354.8,1681655399999,33157.1163,240,3712.3,28266.3707,0,2.7258
1681655400000,7.61,7.627,7.6,7.61,3257.3,1681655699999,24806.4834,141,1618.3,12325.348,0,2.6887
1681655700000,7.609,7.619,7.601,7.613,1692.9,1681655999999,12880.8592,112,612.2,4658.8673,0,2.6846
1681656000000,7.615,7.639,7.609,7.611,3263.0,1681656299999,24868.806,157,1205.4,9191.6017,0,2.7051
1681656300000,7.616,7.669,7.613,7.657,4819.2,1681656599999,36854.5226,319,3544.5,27106.5867,0,2.73
1681656600000,7.655,7.677,7.65,7.673,3122.4,1681656899999,23952.1383,159,1601.9,12289.1024,0,2.7538
1681656900000,7.677,7.726,7.653,7.706,9862.5,1681657199999,75928.2829,514,6057.6,46649.2023,0,2.6403
1681657200000,7.705,7.732,7.684,7.712,10941.8,1681657499999,84365.3883,845,5162.2,39818.4162,0,2.5868
1681657500000,7.711,7.745,7.656,7.719,12555.7,1681657799999,96681.5453,917,6821.5,52591.4069,0,2.4941
1681657800000,7.719,7.742,7.674,7.687,9797.8,1681658099999,75498.8465,818,4030.8,31074.8421,0,2.3681
1681658100000,7.686,7.717,7.684,7.716,2999.3,1681658399999,23075.7433,183,1995.8,15356.813,0,2.3456
1681658400000,7.713,7.725,7.703,7.704,3550.1,1681658699999,27380.8106,217,2001.1,15434.0021,0,2.3434
1681658700000,7.707,7.718,7.696,7.714,1667.6,1681658999999,12848.9875,119,1037.9,7997.1827,0,2.3311
1681659000000,7.715,7.826,7.715,7.766,12848.6,1681659299999,99804.6873,809,7146.1,55534.7772,0,2.3557
1681659300000,7.766,7.777,7.733,7.746,8579.4,1681659599999,66572.5899,366,3086.1,23961.7038,0,2.33
1681659600000,7.746,7.778,7.744,7.77,4126.1,1681659899999,32022.5084,253,3119.6,24216.8192,0,2.3647
1681659900000,7.769,7.774,7.752,7.769,2911.7,1681660199999,22608.9007,273,1266.0,9833.1071,0,2.3201
1681660200000,7.769,7.809,7.76,7.794,5716.8,1681660499999,44543.2108,370,2934.2,22870.2122,0,2.2906
1681660500000,7.794,7.825,7.794,7.814,5867.2,1681660799999,45845.9157,368,3591.0,28058.4049,0,2.2669
1681660800000,7.814,7.83,7.799,7.814,10089.4,1681661099999,78869.9795,529,5794.4,45311.9706,0,2.3124
1681661100000,7.814,8.025,7.814,8.02,54808.9,1681661399999,435562.3743,2324,36430.1,289462.7343,0,2.2499
1681661400000,8.019,8.234,8.019,8.205,173891.8,1681661699999,1415135.2545,7974,86127.8,701077.1721,0,2.2626
1681661700000,8.205,8.27,8.132,8.155,125295.5,1681661999999,1028122.5779,4912,58569.0,480676.8747,0,2.1626
1681662000000,8.168,8.196,8.052,8.057,66050.6,1681662299999,535948.641,3380,31155.5,253021.8527,0,1.9886
1681662300000,8.056,8.14,8.009,8.079,56924.0,1681662599999,460636.2159,2360,24844.0,200957.6362,0,1.9053
1681662600000,8.08,8.146,8.021,8.086,33450.9,1681662899999,270569.6534,1525,17477.9,141481.0517,0,2.0111
1681662900000,8.082,8.083,7.935,8.009,44870.5,1681663199999,358556.9138,2414,14430.4,115291.841,0,1.9878
1681663200000,8.008,8.014,7.96,7.993,17477.0,1681663499999,139628.7079,810,5990.0,47880.1114,0,1.956
1681663500000,7.996,8.049,7.991,8.014,8598.3,1681663799999,68899.6767,597,4031.7,32313.9249,0,2.1437
1681663800000,8.019,8.075,8.0,8.045,14258.5,1681664099999,114559.058,722,7963.0,64039.4056,0,2.0331
1681664100000,8.041,8.068,8.008,8.056,9744.3,1681664399999,78229.26,479,2887.5,23208.919,0,2.0497
1681664400000,8.056,8.056,7.981,8.023,14403.2,1681664699999,115584.4623,785,5738.0,46076.3127,0,2.0377
1681664700000,8.021,8.036,7.962,8.015,15666.9,1681664999999,125272.1904,625,4227.6,33834.1761,0,1.994
1681665000000,8.003,8.03,7.902,7.949,22645.5,1681665299999,180330.278,1044,7721.3,61602.426,0,2.0312
1681665300000,7.95,7.987,7.942,7.984,9438.6,1681665599999,75206.2734,472,5360.0,42713.0026,0,2.0469
1681665600000,7.974,7.978,7.956,7.977,3516.8,1681665899999,28033.8352,209,1474.2,11756.7697,0,2.0609
1681665900000,7.969,8.052,7.965,8.023,16251.7,1681666199999,130129.6058,577,12671.0,101438.8135,0,2.0562
1681666200000,8.023,8.051,7.962,7.976,10043.4,1681666499999,80423.4292,565,3843.5,30805.4195,0,2.0469
1681666500000,7.974,8.03,7.974,7.996,10139.3,1681666799999,81154.7691,467,6093.3,48794.3027,0,2.0057
1681666800000,7.994,8.058,7.983,8.023,6208.4,1681667099999,49836.3909,327,3525.6,28302.1176,0,2.0239
1681667100000,8.032,8.111,8.025,8.055,13849.3,1681667399999,111689.1519,645,7924.9,63947.6055,0,2.0148
1681667400000,8.054,8.068,8.041,8.065,3449.1,1681667699999,27753.4706,181,1188.5,9569.6804,0,2.0211
1681667700000,8.066,8.069,8.008,8.045,5442.1,1681667999999,43728.3602,346,1449.5,11662.6678,0,2.0003
1681668000000,8.038,8.04,7.876,7.986,58264.3,1681668299999,463097.9529,2226,26394.1,209968.7039,0,1.9895
1681668300000,7.988,8.1,7.946,7.979,37347.7,1681668599999,299661.3827,1822,17096.2,137394.9152,0,2.0012
1681668600000,7.979,8.006,7.976,8.001,3304.0,1681668899999,26392.8879,227,1796.0,14351.95,0,2.0148
1681668900000,8.002,8.018,7.96,7.988,7044.2,1681669199999,56243.0061,331,2573.0,20559.7045,0,1.9958
1681669200000,7.988,8.0,7.959,7.959,2935.4,1681669499999,23421.2915,186,938.1,7490.6328,0,2.0377
1681669500000,7.96,7.975,7.956,7.966,3762.6,1681669799999,29960.1332,177,1192.7,9502.1899,0,2.0572
1681669800000,7.965,7.981,7.963,7.971,2817.6,1681670099999,22462.7215,223,1348.6,10752.5282,0,2.0423
1681670100000,7.971,7.98,7.967,7.976,1890.7,1681670399999,15079.4078,162,1224.1,9764.0669,0,2.0358
1681670400000,7.976,7.983,7.898,7.931,8819.2,1681670699999,69968.7277,435,2289.9,18169.4178,0,2.0423
1681670700000,7.931,7.975,7.931,7.961,4785.9,1681670999999,38064.7307,314,3238.4,25760.6816,0,2.0479
1681671000000,7.96,7.976,7.947,7.968,1828.4,1681671299999,14558.8653,142,791.0,6302.4625,0,2.0451
1681671300000,7.967,8.01,7.922,7.981,14854.0,1681671599999,118357.7947,585,7481.0,59698.8486,0,2.0395
1681671600000,7.98,8.011,7.98,7.998,7229.4,1681671899999,57821.9274,319,3696.2,29571.2917,0,2.0148
1681671900000,7.998,8.011,7.981,7.989,3653.7,1681672199999,29224.7126,197,1801.3,14413.9259,0,2.0193
1681672200000,7.981,7.988,7.951,7.962,3624.2,1681672499999,28876.3592,168,1530.5,12195.9102,0,2.0516
1681672500000,7.953,7.98,7.929,7.934,6454.0,1681672799999,51309.9464,315,1863.0,14825.7666,0,2.0276
1681672800000,7.937,7.968,7.934,7.949,5228.6,1681673099999,41547.6339,291,1943.2,15449.1202,0,2.1124
1681673100000,7.942,7.973,7.94,7.958,3015.8,1681673399999,23995.7353,253,1553.7,12368.3523,0,2.1221
1681673400000,7.957,8.011,7.957,8.006,7701.0,1681673699999,61500.8306,441,4440.3,35480.1318,0,2.1182
1681673700000,8.001,8.001,7.97,7.985,4503.2,1681673999999,35963.6352,193,1950.3,15583.5358,0,2.1037
1681674000000,7.994,8.011,7.961,8.001,3903.1,1681674299999,31176.8651,200,2222.9,17765.4218,0,2.1085
1681674300000,8.0,8.011,7.966,7.98,4192.1,1681674599999,33489.194,221,1277.9,10214.6773,0,2.0807
1681674600000,7.982,8.03,7.978,8.006,5426.3,1681674899999,43468.9694,402,3195.5,25606.4573,0,2.0845
1681674900000,8.003,8.017,7.98,7.981,7296.1,1681675199999,58292.9897,334,2273.8,18177.422,0,2.0488
1681675200000,7.981,7.996,7.883,7.937,20318.2,1681675499999,161467.9393,940,10095.4,80278.7051,0,2.0367
1681675500000,7.937,7.978,7.894,7.97,10100.2,1681675799999,80181.7954,504,3622.6,28765.2188,0,2.0331
1681675800000,7.97,8.005,7.958,8.005,3514.0,1681676099999,28065.7486,226,1564.3,12496.4681,0,2.0349
1681676100000,8.003,8.056,7.993,8.004,10051.9,1681676399999,80676.1756,574,4896.8,39309.1309,0,2.0139
1681676400000,8.003,8.005,7.996,8.004,2843.8,1681676699999,22758.8512,199,1984.3,15880.872,0,1.9967
1681676700000,8.005,8.043,7.997,8.016,6414.9,1681676999999,51415.3662,474,3254.1,26098.4975,0,1.9895
1681677000000,8.016,8.02,8.001,8.004,2006.5,1681677299999,16071.0646,277,764.6,6124.6168,0,2.003
1681677300000,8.008,8.028,7.993,8.008,4991.1,1681677599999,39981.099,350,1163.9,9327.8507,0,2.0075
1681677600000,8.012,8.016,7.98,7.998,3849.6,1681677899999,30773.8523,216,1700.4,13599.8227,0,2.0414
1681677900000,7.999,8.017,7.954,7.956,6451.1,1681678199999,51476.0315,280,1994.0,15931.7764,0,2.0294
1681678200000,7.965,8.005,7.962,7.992,2537.0,1681678499999,20258.2359,134,1971.5,15748.4137,0,2.0562
1681678500000,7.993,8.007,7.976,7.99,2630.4,1681678799999,21020.2255,194,1204.9,9632.9079,0,2.0266
1681678800000,7.984,8.011,7.982,7.982,3534.0,1681679099999,28266.0604,200,1577.7,12624.4524,0,2.0294
1681679100000,7.986,8.016,7.986,7.989,2220.9,1681679399999,17775.0014,149,951.1,7614.6032,0,2.0276
1681679400000,8.001,8.008,7.958,7.96,3648.3,1681679699999,29114.6869,246,1385.8,11067.7547,0,2.034
1681679700000,7.961,8.017,7.961,7.991,4729.6,1681679999999,37800.7863,269,2394.3,19123.1246,0,2.0202
1681680000000,7.982,7.995,7.978,7.994,705.8,1681680299999,5638.9403,62,388.4,3102.667,0,2.012
1681680300000,7.989,7.995,7.958,7.973,2902.9,1681680599999,23153.6927,166,1597.3,12745.8975,0,2.0093
1681680600000,7.983,8.044,7.972,8.033,5032.0,1681680899999,40341.1962,294,3082.3,24720.2315,0,2.0111
1681680900000,8.036,8.041,8.007,8.02,1980.9,1681681199999,15902.3384,132,469.6,3770.4435,0,1.9904
1681681200000,8.02,8.05,8.02,8.042,3980.6,1681681499999,31993.9193,277,1582.2,12718.3397,0,2.023
1681681500000,8.04,8.048,8.027,8.046,2350.3,1681681799999,18892.4941,163,1377.3,11072.1314,0,2.0312
1681681800000,8.045,8.05,8.027,8.05,2826.9,1681682099999,22721.9044,159,1143.4,9194.9941,0,2.0139
1681682100000,8.051,8.061,8.027,8.04,2640.2,1681682399999,21235.9075,174,1029.3,8284.5738,0,1.9967
1681682400000,8.04,8.067,8.04,8.061,3922.0,1681682699999,31622.4618,183,2087.7,16835.0337,0,2.003
1681682700000,8.061,8.067,8.041,8.051,2303.1,1681682999999,18565.7498,126,1243.2,10025.1813,0,2.0057
1681683000000,8.046,8.062,8.029,8.044,4300.0,1681683299999,34571.9051,203,1577.7,12684.3543,0,2.0157
1681683300000,8.041,8.056,8.029,8.029,5422.6,1681683599999,43603.8379,214,2159.6,17377.8817,0,2.0139
1681683600000,8.033,8.049,8.027,8.035,3491.0,1681683899999,28059.8266,315,1304.6,10490.6452,0,2.0139
1681683900000,8.035,8.054,8.027,8.048,2399.7,1681684199999,19290.2461,193,965.6,7767.6893,0,2.0166
1681684200000,8.047,8.063,8.027,8.062,3831.4,1681684499999,30833.8553,290,2053.7,16533.9913,0,1.994
1681684500000,8.056,8.073,8.048,8.059,3727.8,1681684799999,30068.2617,212,2123.6,17129.5495,0,2.0057
1681684800000,8.06,8.126,8.059,8.099,12908.8,1681685099999,104633.2026,561,6658.5,53957.6813,0,2.0102
1681685100000,8.1,8.1,8.027,8.071,8269.9,1681685399999,66653.3183,490,2781.5,22427.8339,0,2.023
1681685400000,8.073,8.098,8.068,8.083,3024.4,1681685699999,24443.1423,174,1410.7,11401.2096,0,2.0211
1681685700000,8.083,8.095,8.055,8.067,2155.1,1681685999999,17410.3384,153,448.6,3624.6233,0,2.0111
1681686000000,8.067,8.137,8.064,8.115,6965.4,1681686299999,56435.065,416,3790.9,30711.8368,0,2.0248
1681686300000,8.11,8.13,8.063,8.087,8374.1,1681686599999,67895.3938,348,4441.2,36055.0377,0,2.0075
1681686600000,8.084,8.107,8.08,8.102,2149.3,1681686899999,17397.0514,134,1282.4,10380.4039,0,2.0093
1681686900000,8.102,8.123,8.04,8.068,8805.5,1681687199999,71132.8188,463,3378.5,27319.1895,0,2.0093
1681687200000,8.075,8.095,8.04,8.047,3880.5,1681687499999,31298.7759,276,1150.4,9289.2312,0,2.0544
1681687500000,8.052,8.066,8.032,8.053,4496.5,1681687799999,36197.3712,225,1888.0,15196.2196,0,2.0779
1681687800000,8.053,8.07,8.027,8.047,3260.3,1681688099999,26243.5302,254,1396.1,11244.0347,0,2.0553
1681688100000,8.044,8.057,8.03,8.043,3032.2,1681688399999,24396.7483,241,1636.8,13172.6999,0,2.0544
1681688400000,8.036,8.047,7.966,8.011,14817.4,1681688699999,118547.9877,644,4793.7,38350.4775,0,2.0731
1681688700000,8.009,8.039,8.009,8.028,3893.9,1681688999999,31250.1623,370,1828.8,14681.3189,0,2.0675
1681689000000,8.02,8.033,8.015,8.016,2040.4,1681689299999,16369.2408,184,1053.8,8454.927,0,2.059
1681689300000,8.02,8.038,7.999,8.006,5601.2,1681689599999,44910.1176,369,1960.7,15724.5984,0,2.0609
1681689600000,8.007,8.051,7.992,8.044,9641.0,1681689899999,77360.0869,624,5640.7,45282.914,0,2.0798
1681689900000,8.045,8.067,8.031,8.064,9571.2,1681690199999,77059.1812,453,4202.5,33842.0216,0,2.0855
1681690200000,8.065,8.13,8.028,8.121,13251.7,1681690499999,107012.3713,661,7535.7,60883.4414,0,2.0581
1681690500000,8.125,8.128,8.017,8.031,10646.4,1681690799999,85793.5548,563,4893.4,39431.4558,0,2.0479
1681690800000,8.031,8.059,7.981,8.013,10460.7,1681691099999,83979.5759,485,6101.7,49014.4964,0,2.0516
1681691100000,8.008,8.035,7.98,7.981,12829.3,1681691399999,102626.0143,586,4847.6,38821.4295,0,2.0276
1681691400000,7.981,8.035,7.98,7.987,6797.1,1681691699999,54346.3109,307,2810.4,22498.2608,0,2.0377
1681691700000,7.993,7.998,7.754,7.8,64403.3,1681691999999,504633.8041,2486,16871.2,132208.0138,0,2.0111
1681692000000,7.808,7.866,7.759,7.866,22730.4,1681692299999,177841.2177,845,11766.3,92093.2116,0,2.1143
1681692300000,7.867,7.89,7.858,7.885,12870.8,1681692599999,101336.2328,563,7625.4,60042.9509,0,2.0021
1681692600000,7.887,7.896,7.812,7.891,14833.4,1681692899999,116577.0832,998,7041.5,55390.879,0,1.9121
1681692900000,7.891,7.91,7.835,7.849,7923.1,1681693199999,62464.3038,444,2209.2,17431.3677,0,1.9638
1681693200000,7.849,7.885,7.849,7.866,9108.8,1681693499999,71647.8138,556,4149.7,32645.0868,0,1.9931
1681693500000,7.865,7.905,7.856,7.887,4088.3,1681693799999,32183.1011,322,1515.4,11936.7545,0,1.942
1681693800000,7.887,7.91,7.877,7.898,4438.4,1681694099999,35043.2741,228,2904.9,22946.0977,0,1.9248
1681694100000,7.909,7.91,7.857,7.886,4490.3,1681694399999,35393.8955,337,1281.0,10103.2767,0,1.9343
1681694400000,7.885,7.89,7.823,7.835,8233.3,1681694699999,64705.4306,401,1372.6,10804.2394,0,2.0139
1681694700000,7.835,7.845,7.78,7.789,14049.1,1681694999999,109857.789,730,4889.3,38258.8627,0,2.1576
1681695000000,7.788,7.822,7.788,7.808,3655.4,1681695299999,28544.4959,342,2112.2,16494.6251,0,2.1606
1681695300000,7.807,7.815,7.776,7.789,4867.9,1681695599999,37935.9475,281,2283.1,17796.7234,0,2.1797
1681695600000,7.79,7.814,7.781,7.805,4694.4,1681695899999,36617.7666,247,2520.7,19663.5341,0,2.1586
1681695900000,7.814,7.814,7.775,7.778,2854.1,1681696199999,22265.2136,209,984.0,7680.2474,0,2.1676
1681696200000,7.779,7.78,7.618,7.651,44476.0,1681696499999,341655.071,1868,12905.9,99145.3501,0,2.2082
1681696500000,7.652,7.659,7.651,7.659,10434.8,1681696799999,79906.3335,201,7956.4,60930.0348,0,2.1878
1681696800000,7.658,7.7,7.658,7.688,8980.8,1681697099999,69005.7689,431,5154.1,39602.4651,0,2.1969
1681697100000,7.688,7.707,7.686,7.707,5625.6,1681697399999,43290.7424,403,3146.0,24219.4787,0,2.2331
1681697400000,7.701,7.723,7.701,7.716,4167.0,1681697699999,32141.8384,241,2462.7,18997.2695,0,2.2123
1681697700000,7.717,7.726,7.715,7.725,2399.8,1681697999999,18529.7865,131,1341.6,10360.4922,0,2.2062
1681698000000,7.725,7.784,7.723,7.752,7439.7,1681698299999,57698.7353,347,4764.7,36960.0285,0,2.198
1681698300000,7.753,7.787,7.751,7.785,3867.4,1681698599999,30080.3254,244,1416.1,11014.872,0,2.2165
1681698600000,7.787,7.83,7.785,7.817,9908.7,1681698899999,77360.2494,477,7228.2,56444.1616,0,2.2227
1681698900000,7.817,7.824,7.795,7.817,4081.4,1681699199999,31885.2318,163,1719.4,13443.275,0,2.1807
1681699200000,7.813,7.84,7.811,7.833,4215.4,1681699499999,32996.1245,193,2206.7,17273.0902,0,2.2062
1681699500000,7.837,7.951,7.777,7.819,42885.7,1681699799999,336624.2765,1909,18537.5,145778.3342,0,2.1827
1681699800000,7.82,7.872,7.82,7.857,6315.9,1681700099999,49632.9168,360,3670.3,28828.3306,0,2.1959
1681700100000,7.849,7.858,7.827,7.833,2471.4,1681700399999,19384.4172,169,1129.8,8861.5683,0,2.1616
1681700400000,7.833,7.864,7.829,7.852,4279.3,1681700699999,33595.5885,147,2407.7,18893.1273,0,2.1486
1681700700000,7.85,7.853,7.836,7.839,2721.0,1681700999999,21344.6453,232,1296.7,10176.017,0,2.1182
1681701000000,7.838,7.838,7.822,7.826,1601.7,1681701299999,12538.21,150,978.2,7657.3567,0,2.1201
1681701300000,7.826,7.842,7.826,7.827,2150.9,1681701599999,16844.6108,151,1608.5,12598.571,0,2.1017
1681701600000,7.829,7.842,7.828,7.829,987.4,1681701899999,7734.3745,85,637.7,4995.3139,0,2.095
1681701900000,7.829,7.829,7.82,7.82,729.2,1681702199999,5706.6941,67,285.2,2232.2793,0,2.1114
1681702200000,7.819,7.82,7.794,7.804,4028.5,1681702499999,31447.6698,272,1600.4,12491.2831,0,2.1397
1681702500000,7.806,7.806,7.762,7.802,8855.3,1681702799999,68936.7326,334,3630.5,28285.2446,0,2.1338
1681702800000,7.79,7.801,7.776,7.797,2824.7,1681703099999,22003.8036,172,1308.3,10195.7472,0,2.1626
1681703100000,7.796,7.8,7.769,7.799,2606.5,1681703399999,20287.8758,196,1225.1,9540.3931,0,2.1626
1681703400000,7.8,7.802,7.787,7.791,983.1,1681703699999,7664.3162,99,563.2,4391.515,0,2.1656
1681703700000,7.798,7.802,7.786,7.79,1515.0,1681703999999,11808.2466,88,717.1,5590.0925,0,2.1526
1681704000000,7.789,7.823,7.787,7.813,6599.8,1681704299999,51521.8837,320,3611.1,28189.9634,0,2.1726
1681704300000,7.819,7.825,7.794,7.807,1585.8,1681704599999,12386.6782,102,403.9,3154.6591,0,2.1596
1681704600000,7.797,7.805,7.765,7.783,5707.1,1681704899999,44415.4911,326,1578.0,12283.508,0,2.1766
1681704900000,7.782,7.789,7.77,7.783,3340.4,1681705199999,25991.7056,126,1415.4,11010.8886,0,2.1817
1681705200000,7.783,7.783,7.761,7.761,5953.3,1681705499999,46230.3709,96,216.7,1683.0744,0,2.1646
1681705500000,7.761,7.762,7.516,7.695,32016.7,1681705799999,245760.7684,1098,10136.5,77880.5602,0,2.1387
1681705800000,7.693,7.705,7.677,7.7,5718.7,1681706099999,43996.9206,221,1941.1,14930.4528,0,2.1309
1681706100000,7.701,7.703,7.679,7.69,4710.7,1681706399999,36246.0277,137,2414.8,18589.0063,0,2.1546
1681706400000,7.701,7.727,7.701,7.705,6354.2,1681706699999,48997.122,338,2505.7,19323.3252,0,2.2113
1681706700000,7.709,7.742,7.708,7.724,3720.3,1681706999999,28759.9384,282,1910.1,14770.9219,0,2.2185
1681707000000,7.734,7.744,7.708,7.711,3193.2,1681707299999,24685.999,150,894.1,6910.7293,0,2.2258
1681707300000,7.711,7.737,7.711,7.736,804.5,1681707599999,6216.1902,66,552.8,4272.573,0,2.2185
1681707600000,7.736,7.737,7.717,7.736,3569.7,1681707899999,27588.3736,157,2284.8,17661.4202,0,2.2041
1681707900000,7.735,7.735,7.691,7.7,3623.4,1681708199999,27921.5293,209,1007.1,7767.9457,0,2.1878
1681708200000,7.702,7.707,7.699,7.705,740.5,1681708499999,5705.4163,53,351.1,2705.1798,0,2.2134
1681708500000,7.706,7.706,7.692,7.699,1400.0,1681708799999,10776.1535,96,894.0,6879.6983,0,2.198
1681708800000,7.699,7.704,7.65,7.654,4625.4,1681709099999,35514.0634,224,1612.7,12391.4104,0,2.2227
1681709100000,7.652,7.659,7.633,7.657,2830.4,1681709399999,21650.4079,158,1041.5,7970.739,0,2.2185
1681709400000,7.655,7.656,7.557,7.609,16830.4,1681709699999,127853.8368,709,5174.8,39344.431,0,2.2123
1681709700000,7.609,7.64,7.608,7.634,4846.6,1681709999999,36964.9364,287,3602.8,27476.4843,0,2.2446
1681710000000,7.632,7.637,7.631,7.635,1445.5,1681710299999,11037.3167,103,747.2,5705.5646,0,2.2457
1681710300000,7.636,7.684,7.636,7.66,5959.2,1681710599999,45643.4328,360,4154.3,31822.1548,0,2.251
1681710600000,7.66,7.704,7.655,7.655,7785.6,1681710899999,59791.1515,334,4345.0,33402.3362,0,2.2873
1681710900000,7.656,7.687,7.656,7.68,1741.1,1681711199999,13362.5067,108,828.7,6358.4974,0,2.2819
1681711200000,7.681,7.714,7.68,7.704,8192.5,1681711499999,63012.5402,402,4514.9,34740.8264,0,2.2895
1681711500000,7.703,7.705,7.681,7.704,4554.1,1681711799999,35044.2347,179,3152.7,24263.0511,0,2.2744
1681711800000,7.705,7.707,7.669,7.692,6036.5,1681712099999,46438.2391,225,2056.6,15835.5114,0,2.2446
1681712100000,7.691,7.695,7.669,7.671,3958.9,1681712399999,30421.0951,274,2374.1,18245.9118,0,2.2563
1681712400000,7.677,7.681,7.648,7.664,4806.4,1681712699999,36827.6323,279,3029.4,23215.2957,0,2.2321
1681712700000,7.665,7.679,7.648,7.679,1777.3,1681712999999,13614.5506,182,1151.5,8823.4352,0,2.2595
1681713000000,7.676,7.676,7.613,7.636,5620.9,1681713299999,42943.7286,361,2433.2,18589.8783,0,2.231
1681713300000,7.638,7.638,7.609,7.628,4924.0,1681713599999,37530.2418,277,2903.7,22136.8456,0,2.231
1681713600000,7.633,7.634,7.595,7.628,2705.9,1681713899999,20603.524,199,1665.7,12686.3601,0,2.2712
1681713900000,7.628,7.643,7.595,7.609,5360.4,1681714199999,40842.6053,280,3061.0,23340.535,0,2.2712
1681714200000,7.612,7.622,7.612,7.618,2573.8,1681714499999,19607.9524,150,1118.8,8523.6957,0,2.2798
1681714500000,7.62,7.622,7.571,7.571,4000.4,1681714799999,30367.7898,235,1138.6,8649.4765,0,2.308
1681714800000,7.573,7.63,7.565,7.616,9142.0,1681715099999,69480.6415,489,5444.3,41391.9889,0,2.3411
1681715100000,7.616,7.67,7.536,7.602,36198.1,1681715399999,274908.542,1091,13249.5,100697.3674,0,2.3322
1681715400000,7.605,7.622,7.602,7.609,3414.9,1681715699999,25985.2216,190,1977.7,15055.1158,0,2.3102
1681715700000,7.611,7.636,7.605,7.62,3666.0,1681715999999,27925.1733,230,1973.7,15041.9202,0,2.3546
1681716000000,7.62,7.622,7.599,7.622,3475.3,1681716299999,26453.5546,148,1932.1,14702.5341,0,2.3659
1681716300000,7.622,7.622,7.58,7.593,2364.1,1681716599999,17977.264,138,1221.0,9292.0256,0,2.3557
1681716600000,7.589,7.589,7.508,7.573,18572.1,1681716899999,140100.8835,873,8733.1,65923.3683,0,2.319
1681716900000,7.557,7.616,7.541,7.611,10618.8,1681717199999,80531.4461,412,7495.4,56874.7968,0,2.3289
1681717200000,7.611,7.619,7.587,7.589,2995.6,1681717499999,22780.9188,196,1831.6,13930.1656,0,2.3256
1681717500000,7.587,7.591,7.532,7.539,6340.3,1681717799999,47893.3631,389,1884.2,14229.7472,0,2.2776
1681717800000,7.539,7.591,7.519,7.53,11378.6,1681718099999,85895.2525,390,4113.5,31105.9732,0,2.3113
1681718100000,7.535,7.56,7.522,7.544,4374.7,1681718399999,32998.8848,193,1900.2,14338.2713,0,2.3311
1681718400000,7.542,7.629,7.514,7.628,26471.6,1681718699999,200719.7023,983,16007.6,121391.4451,0,2.3411
1681718700000,7.628,7.64,7.607,7.634,12995.8,1681718999999,99154.5065,349,7032.2,53657.136,0,2.319
1681719000000,7.635,7.703,7.63,7.7,16346.9,1681719299999,125364.538,644,8040.4,61649.1458,0,2.3179
1681719300000,7.7,7.75,7.7,7.723,18894.1,1681719599999,145758.0368,846,8584.2,66268.5182,0,2.3146
1681719600000,7.723,7.75,7.7,7.709,10399.4,1681719899999,80315.697,683,5385.6,41627.477,0,2.1807
1681719900000,7.708,7.719,7.672,7.719,9560.3,1681720199999,73643.6829,655,3257.6,25112.8917,0,2.0969
1681720200000,7.719,7.72,7.639,7.683,12795.9,1681720499999,98168.4984,615,4355.9,33413.5197,0,2.0931
1681720500000,7.683,7.709,7.672,7.704,4368.5,1681720799999,33607.9169,341,2550.3,19622.9967,0,2.1348
1681720800000,7.704,7.726,7.698,7.703,3260.7,1681721099999,25140.0299,156,1426.4,11000.8472,0,2.1817
1681721100000,7.703,7.709,7.636,7.663,6794.6,1681721399999,52144.7791,395,1345.8,10334.1304,0,2.1616
1681721400000,7.663,7.684,7.641,7.682,3188.5,1681721699999,24444.0819,171,2079.9,15953.3665,0,2.1516
1681721700000,7.68,7.681,7.677,7.68,478.4,1681721999999,3673.1226,49,78.7,604.279,0,2.1586
1681722000000,7.68,7.681,7.65,7.661,4758.1,1681722299999,36471.043,199,1305.8,10006.4176,0,2.1766
1681722300000,7.657,7.671,7.644,7.661,4355.2,1681722599999,33336.0631,201,2590.4,19835.7594,0,2.1888
1681722600000,7.661,7.671,7.631,7.644,2574.3,1681722899999,19686.3208,138,581.6,4452.4219,0,2.1786
1681722900000,7.644,7.651,7.608,7.608,6728.3,1681723199999,51355.8141,364,2225.4,17000.2965,0,2.1918
1681723200000,7.618,7.634,7.6,7.616,6202.0,1681723499999,47245.7462,351,1787.8,13626.4169,0,2.2041
1681723500000,7.617,7.621,7.566,7.597,10524.1,1681723799999,79860.6788,590,3454.5,26234.4345,0,2.251
1681723800000,7.598,7.617,7.592,7.604,4793.8,1681724099999,36465.5671,299,2801.7,21315.0254,0,2.3047
1681724100000,7.603,7.704,7.601,7.656,18317.3,1681724399999,140275.8567,793,14389.1,110184.5356,0,2.3234
1681724400000,7.655,7.655,7.62,7.627,6601.0,1681724699999,50373.9094,350,3004.8,22922.6915,0,2.3201
1681724700000,7.627,7.629,7.59,7.607,6809.2,1681724999999,51820.5178,506,2768.2,21072.0233,0,2.2573
1681725000000,7.607,7.619,7.6,7.615,1378.8,1681725299999,10496.5531,87,787.0,5990.4632,0,2.2051
1681725300000,7.614,7.614,7.594,7.601,1859.0,1681725599999,14131.8065,86,1437.4,10925.7465,0,2.2051
1681725600000,7.601,7.601,7.553,7.575,5417.6,1681725899999,41055.324,249,1900.2,14399.2307,0,2.2175
1681725900000,7.576,7.576,7.551,7.556,3146.5,1681726199999,23780.4712,142,1571.3,11876.1038,0,2.2331
1681726200000,7.555,7.576,7.541,7.572,4883.2,1681726499999,36926.5905,203,2616.2,19797.5682,0,2.23
1681726500000,7.568,7.618,7.564,7.565,10820.6,1681726799999,82145.6515,493,7420.1,56349.8413,0,2.2415
1681726800000,7.565,7.565,7.551,7.556,2419.2,1681727099999,18278.1771,125,654.7,4947.152,0,2.269
1681727100000,7.553,7.563,7.547,7.554,1552.8,1681727399999,11729.1799,114,705.3,5328.8785,0,2.2446
1681727400000,7.554,7.554,7.53,7.532,4380.4,1681727699999,33039.8515,280,1183.3,8930.7353,0,2.2404
1681727700000,7.535,7.565,7.529,7.563,4249.7,1681727999999,32058.1499,261,1872.6,14133.217,0,2.2175
1681728000000,7.563,7.566,7.523,7.552,6078.0,1681728299999,45823.2095,338,1242.3,9371.721,0,2.2648
1681728300000,7.552,7.557,7.542,7.554,3182.3,1681728599999,24018.2757,260,938.9,7088.2611,0,2.2712
1681728600000,7.555,7.57,7.554,7.562,3260.3,1681728899999,24653.6856,226,1613.3,12204.0775,0,2.3367
1681728900000,7.562,7.572,7.544,7.564,2748.1,1681729199999,20771.6436,168,1422.1,10753.6983,0,2.349
1681729200000,7.562,7.581,7.557,7.571,4382.1,1681729499999,33175.7895,234,2935.2,22227.589,0,2.3591
1681729500000,7.568,7.569,7.552,7.562,1296.6,1681729799999,9798.6641,66,531.5,4017.2339,0,2.33
1681729800000,7.558,7.558,7.526,7.53,4207.4,1681730099999,31738.7886,184,1984.5,14982.1732,0,2.3523
1681730100000,7.529,7.535,7.526,7.526,2324.9,1681730399999,17503.9828,107,899.9,6776.7789,0,2.3535
1681730400000,7.527,7.532,7.503,7.525,5489.5,1681730699999,41258.2828,322,2612.5,19642.171,0,2.3434
1681730700000,7.525,7.525,7.5,7.503,5158.2,1681730999999,38720.9882,178,1425.6,10711.7041,0,2.3704
1681731000000,7.505,7.544,7.453,7.5,12045.5,1681731299999,90334.6157,508,5668.6,42546.7312,0,2.3156
1681731300000,7.502,7.54,7.472,7.521,15411.1,1681731599999,115578.9908,715,9615.7,72141.1829,0,2.3146
1681731600000,7.519,7.519,7.417,7.501,19657.4,1681731899999,146843.9039,892,7360.5,54974.655,0,2.3267
1681731900000,7.502,7.509,7.452,7.505,7607.9,1681732199999,56911.3529,380,2710.6,20303.5937,0,2.296
1681732200000,7.505,7.535,7.491,7.529,2510.4,1681732499999,18866.5654,172,1626.7,12229.9354,0,2.2478
1681732500000,7.531,7.541,7.494,7.5,9417.5,1681732799999,70672.7966,223,6198.9,46498.4062,0,2.2819
1681732800000,7.5,7.5,7.48,7.483,11909.4,1681733099999,89256.8941,400,4286.8,32127.7799,0,2.3234
1681733100000,7.487,7.5,7.434,7.448,7347.6,1681733399999,54844.896,394,1531.8,11451.5615,0,2.406
1681733400000,7.45,7.474,7.438,7.457,3576.0,1681733699999,26673.7888,303,1746.7,13034.5036,0,2.4305
1681733700000,7.457,7.486,7.434,7.449,6741.1,1681733999999,50288.1601,336,3609.0,26943.2808,0,2.4868
1681734000000,7.454,7.48,7.448,7.47,2075.7,1681734299999,15489.4156,117,1611.7,12029.9169,0,2.4614
1681734300000,7.472,7.505,7.47,7.478,3175.1,1681734599999,23777.8521,199,1874.5,14039.3092,0,2.4447
1681734600000,7.477,7.492,7.476,7.485,2641.5,1681734899999,19771.7098,158,1024.1,7664.2352,0,2.4329
1681734900000,7.484,7.496,7.44,7.465,13670.9,1681735199999,102081.2636,457,5229.6,39104.4836,0,2.471
1681735200000,7.467,7.482,7.457,7.479,4005.0,1681735499999,29938.283,156,1999.1,14942.6018,0,2.4674
1681735500000,7.479,7.479,7.451,7.467,2770.9,1681735799999,20676.3019,192,1881.1,14034.2733,0,2.4758
1681735800000,7.467,7.512,7.466,7.5,4393.9,1681736099999,32924.0746,363,2966.1,22233.0456,0,2.5162
1681736100000,7.5,7.514,7.496,7.505,1387.6,1681736399999,10412.7204,97,693.2,5204.6339,0,2.5026
1681736400000,7.505,7.505,7.465,7.479,2411.2,1681736699999,18044.0986,146,804.0,6017.9858,0,2.5026
1681736700000,7.479,7.507,7.454,7.497,4659.6,1681736999999,34896.1808,300,3850.7,28849.3837,0,2.4855
1681737000000,7.497,7.52,7.496,7.508,4955.9,1681737299999,37214.5528,250,4278.7,32129.4272,0,2.5199
1681737300000,7.507,7.507,7.474,7.482,4338.5,1681737599999,32494.5341,228,1987.0,14884.7995,0,2.4686
1681737600000,7.491,7.546,7.491,7.516,6233.0,1681737899999,46886.8793,343,4798.6,36098.083,0,2.4554
1681737900000,7.519,7.523,7.471,7.483,8802.0,1681738199999,65998.7099,404,2171.9,16311.8115,0,2.5088
1681738200000,7.484,7.504,7.45,7.504,7086.0,1681738499999,52912.7999,402,2874.0,21488.9892,0,2.4746
1681738500000,7.503,7.535,7.496,7.517,6584.5,1681738799999,49529.9617,321,2882.4,21687.1536,0,2.5149
1681738800000,7.52,7.559,7.518,7.55,4886.0,1681739099999,36844.0043,247,3194.1,24088.7468,0,2.5137
1681739100000,7.549,7.549,7.51,7.528,4049.3,1681739399999,30485.9362,188,1391.5,10482.5137,0,2.5149
1681739400000,7.528,7.551,7.526,7.547,1603.7,1681739699999,12090.732,106,923.2,6962.9962,0,2.4941
1681739700000,7.544,7.544,7.513,7.517,2353.8,1681739999999,17714.8776,215,918.8,6916.0737,0,2.5063
1681740000000,7.517,7.53,7.507,7.509,4394.5,1681740299999,33013.0636,228,1085.3,8155.6222,0,2.4746
1681740300000,7.507,7.515,7.501,7.501,1668.0,1681740599999,12521.0633,78,737.1,5533.1525,0,2.4965
1681740600000,7.501,7.528,7.501,7.509,858.0,1681740899999,6446.959,93,207.9,1562.0686,0,2.5039
1681740900000,7.509,7.532,7.504,7.531,3630.0,1681741199999,27286.8008,264,1667.4,12541.6229,0,2.4892
1681741200000,7.526,7.544,7.5,7.527,4230.6,1681741499999,31803.1112,249,2463.5,18537.6437,0,2.51
1681741500000,7.527,7.527,7.504,7.518,3452.2,1681741799999,25956.736,132,1325.5,9966.3163,0,2.4819
1681741800000,7.513,7.544,7.501,7.544,3461.5,1681742099999,26044.4751,197,3002.2,22592.9822,0,2.4614
1681742100000,7.535,7.552,7.518,7.526,4169.1,1681742399999,31413.7229,277,1973.2,14872.6243,0,2.4698
1681742400000,7.523,7.532,7.5,7.507,4945.9,1681742699999,37145.8069,434,1867.8,14036.5146,0,2.4188
1681742700000,7.506,7.698,7.487,7.651,26481.3,1681742999999,201372.5878,1363,18771.3,142815.7372,0,2.3967
1681743000000,7.651,7.652,7.581,7.621,29474.2,1681743299999,224503.8948,1354,15725.4,119837.3126,0,2.4602
1681743300000,7.616,7.622,7.561,7.615,11587.9,1681743599999,88010.1305,855,4251.7,32325.4113,0,2.1546
1681743600000,7.607,7.615,7.552,7.571,8530.1,1681743899999,64566.4554,426,4290.7,32469.4669,0,2.1319
1681743900000,7.573,7.631,7.573,7.606,6253.8,1681744199999,47522.3657,417,3638.0,27673.1848,0,2.1857
1681744200000,7.606,7.622,7.598,7.609,2429.0,1681744499999,18479.8099,141,1127.1,8576.5358,0,2.2489
1681744500000,7.608,7.609,7.574,7.582,3017.0,1681744799999,22892.7268,206,1468.8,11141.9302,0,2.2362
1681744800000,7.582,7.597,7.575,7.579,1282.9,1681745099999,9732.3,88,452.4,3433.5136,0,2.2206
1681745100000,7.587,7.598,7.572,7.582,2327.9,1681745399999,17665.5178,128,1793.1,13612.5041,0,2.2144
1681745400000,7.596,7.61,7.578,7.603,4119.7,1681745699999,31283.121,244,2325.6,17662.5609,0,2.2031
1681745700000,7.603,7.612,7.49,7.541,16830.3,1681745999999,126987.4765,708,5601.6,42290.3312,0,2.1888
1681746000000,7.536,7.561,7.525,7.543,3834.4,1681746299999,28949.483,181,1685.4,12729.0869,0,2.1867
1681746300000,7.545,7.57,7.545,7.566,2620.9,1681746599999,19804.5942,264,1215.3,9184.9877,0,2.2394
1681746600000,7.566,7.585,7.566,7.578,1794.7,1681746899999,13602.5649,173,479.9,3637.0493,0,2.2489
1681746900000,7.571,7.572,7.485,7.508,7860.0,1681747199999,59124.0358,572,2147.8,16176.6996,0,2.2415
1681747200000,7.503,7.514,7.45,7.505,10652.9,1681747499999,79777.482,682,5247.9,39322.045,0,2.2123
1681747500000,7.505,7.542,7.505,7.542,3257.1,1681747799999,24503.5881,214,1464.8,11028.0833,0,2.349
1681747800000,7.541,7.553,7.509,7.541,4082.3,1681748099999,30754.6926,333,1909.7,14395.519,0,2.2819
1681748100000,7.542,7.606,7.54,7.577,8735.4,1681748399999,66185.3521,527,5139.3,38938.618,0,2.2227
1681748400000,7.575,7.602,7.54,7.564,5271.5,1681748699999,39905.3926,353,1882.1,14254.6408,0,2.2103
1681748700000,7.564,7.572,7.539,7.552,2580.3,1681748999999,19497.7769,197,1181.5,8930.4682,0,2.1827
1681749000000,7.561,7.603,7.552,7.6,3489.8,1681749299999,26464.1136,200,1223.0,9266.9865,0,2.1847
1681749300000,7.6,7.607,7.579,7.597,1920.8,1681749599999,14588.6419,184,830.9,6311.406,0,2.2031
1681749600000,7.599,7.627,7.591,7.621,3318.0,1681749899999,25248.9634,238,1865.8,14202.9012,0,2.1766
1681749900000,7.623,7.631,7.595,7.606,3172.2,1681750199999,24156.433,206,1821.5,13876.7965,0,2.1736
1681750200000,7.605,7.615,7.599,7.609,1191.4,1681750499999,9063.158,157,816.4,6210.7903,0,2.1626
1681750500000,7.608,7.641,7.608,7.641,3157.1,1681750799999,24081.6845,249,1518.2,11580.7044,0,2.1496
1681750800000,7.641,7.646,7.618,7.632,2479.7,1681751099999,18928.1124,246,1025.5,7829.8889,0,2.1182
1681751100000,7.633,7.644,7.626,7.644,966.0,1681751399999,7376.3771,81,760.0,5803.8008,0,2.1075
1681751400000,7.638,7.661,7.623,7.638,4466.7,1681751699999,34145.5508,273,2499.4,19114.919,0,2.1153
1681751700000,7.639,7.655,7.63,7.645,1829.0,1681751999999,13980.1516,133,1001.1,7655.4173,0,2.1133
1681752000000,7.649,7.68,7.645,7.668,4122.2,1681752299999,31598.2415,278,2829.0,21692.7876,0,2.1114
1681752300000,7.668,7.675,7.641,7.672,3374.1,1681752599999,25830.3269,216,1328.9,10176.5316,0,2.1075
1681752600000,7.672,7.679,7.654,7.668,2243.1,1681752899999,17197.1153,234,1488.5,11414.1716,0,2.0941
1681752900000,7.67,7.7,7.67,7.684,2583.5,1681753199999,19856.7004,277,1560.5,11995.9878,0,2.076
1681753200000,7.684,7.696,7.651,7.67,3371.2,1681753499999,25863.126,251,1440.9,11056.3399,0,2.0553
1681753500000,7.673,7.685,7.67,7.684,824.7,1681753799999,6331.4466,142,395.4,3035.5984,0,2.0675
1681753800000,7.683,7.693,7.615,7.638,7032.3,1681754099999,53756.8063,494,1860.9,14220.693,0,2.0637
1681754100000,7.638,7.651,7.638,7.646,841.4,1681754399999,6434.1735,73,600.1,4588.3839,0,2.0807
1681754400000,7.645,7.651,7.645,7.647,1511.2,1681754699999,11558.544,114,553.6,4234.6235,0,2.0572
1681754700000,7.648,7.665,7.647,7.651,3215.2,1681754999999,24605.3903,178,1673.8,12808.7609,0,2.0479
1681755000000,7.651,7.656,7.64,7.648,1987.0,1681755299999,15195.0487,48,327.4,2504.2874,0,2.0479
1681755300000,7.647,7.692,7.647,7.662,3538.4,1681755599999,27154.8634,198,2703.4,20743.3748,0,2.075
1681755600000,7.661,7.696,7.66,7.687,1275.3,1681755899999,9801.0677,96,932.9,7170.7968,0,2.0769
1681755900000,7.687,7.688,7.677,7.68,576.8,1681756199999,4431.6155,71,346.6,2662.8156,0,2.0516
1681756200000,7.681,7.682,7.669,7.679,1344.6,1681756499999,10323.7209,168,727.1,5584.5478,0,2.0331
1681756500000,7.68,7.68,7.657,7.668,1784.9,1681756799999,13697.0119,124,715.7,5496.178,0,2.0157
1681756800000,7.669,7.693,7.667,7.675,1838.9,1681757099999,14126.6009,116,943.4,7249.4394,0,2.0139
1681757100000,7.682,7.687,7.666,7.667,1879.6,1681757399999,14428.9484,98,410.6,3154.2954,0,2.0248
1681757400000,7.665,7.679,7.605,7.626,5733.8,1681757699999,43759.615,242,1062.3,8106.2493,0,2.0423
1681757700000,7.626,7.653,7.626,7.645,1018.3,1681757999999,7772.8346,89,495.9,3784.9731,0,2.0637
1681758000000,7.643,7.665,7.643,7.665,2083.2,1681758299999,15951.0689,220,1048.1,8026.3958,0,2.0931
1681758300000,7.665,7.681,7.659,7.674,2523.2,1681758599999,19354.9567,172,1031.8,7914.9966,0,2.0989
1681758600000,7.677,7.689,7.675,7.684,1154.9,1681758899999,8876.5079,83,822.1,6318.4442,0,2.0788
1681758900000,7.685,7.699,7.683,7.692,1451.1,1681759199999,11159.657,104,996.3,7662.954,0,2.0656
1681759200000,7.692,7.74,7.69,7.732,6282.4,1681759499999,48482.6197,226,5535.1,42718.0613,0,2.0553
1681759500000,7.732,7.733,7.682,7.713,5921.5,1681759799999,45644.4673,268,2154.3,16620.0514,0,2.0404
1681759800000,7.712,7.723,7.677,7.71,3779.0,1681760099999,29125.7817,204,2273.6,17529.4501,0,2.0248
1681760100000,7.709,7.718,7.67,7.67,4693.5,1681760399999,36138.7686,224,2518.9,19404.9992,0,2.0497
1681760400000,7.687,7.721,7.687,7.706,4522.8,1681760699999,34864.0126,270,1822.6,14050.9973,0,2.0769
1681760700000,7.707,7.707,7.65,7.679,4226.3,1681760999999,32424.5365,243,1743.4,13384.8993,0,2.1066
1681761000000,7.683,7.7,7.683,7.691,1029.6,1681761299999,7920.7026,115,525.1,4040.3929,0,2.123
1681761300000,7.692,7.825,7.689,7.739,19383.1,1681761599999,150124.5356,895,10854.8,84094.2656,0,2.1124
1681761600000,7.741,7.755,7.669,7.681,10762.9,1681761899999,83013.3059,710,3348.2,25849.7004,0,2.1309
1681761900000,7.681,7.76,7.681,7.756,3312.7,1681762199999,25594.6405,264,2063.3,15937.4989,0,2.0731
1681762200000,7.757,7.761,7.721,7.737,3098.0,1681762499999,23980.3324,133,1999.7,15479.9842,0,2.0441
1681762500000,7.738,7.746,7.707,7.721,4484.3,1681762799999,34624.9308,397,1056.6,8160.843,0,2.0497
1681762800000,7.724,7.726,7.717,7.72,499.0,1681763099999,3853.0393,41,142.6,1100.9958,0,2.0048
1681763100000,7.721,7.731,7.665,7.671,5817.8,1681763399999,44751.8404,429,1316.4,10129.6465,0,2.0139
1681763400000,7.676,7.714,7.676,7.699,6369.0,1681763699999,49044.7974,381,2247.8,17298.8351,0,2.0193
1681763700000,7.699,7.732,7.694,7.703,2815.0,1681763999999,21701.1748,293,1657.3,12781.8955,0,2.0798
1681764000000,7.706,7.718,7.689,7.689,4070.5,1681764299999,31356.9578,259,515.2,3970.7015,0,2.0713
1681764300000,7.689,7.69,7.597,7.612,12308.4,1681764599999,93928.9175,578,2631.4,20088.3927,0,2.0798
1681764600000,7.607,7.621,7.58,7.613,10148.8,1681764899999,77195.7314,567,3031.2,23072.0138,0,2.0741
1681764900000,7.613,7.628,7.609,7.615,4667.5,1681765199999,35552.0399,348,2124.8,16189.4127,0,2.2841
1681765200000,7.616,7.626,7.609,7.61,3581.8,1681765499999,27287.0849,228,1185.4,9034.143,0,2.3434
1681765500000,7.61,7.624,7.609,7.609,4217.2,1681765799999,32099.4935,67,3529.9,26863.7523,0,2.3367
1681765800000,7.61,7.621,7.609,7.609,1687.3,1681766099999,12845.5778,74,879.9,6697.8401,0,2.3091
1681766100000,7.61,7.615,7.588,7.591,2101.2,1681766399999,15975.2794,122,559.0,4252.5646,0,2.3091
1681766400000,7.589,7.605,7.585,7.6,3238.7,1681766699999,24589.7258,111,2590.1,19668.3943,0,2.3113
1681766700000,7.596,7.613,7.587,7.588,1718.1,1681766999999,13062.937,127,938.2,7135.4862,0,2.3102
1681767000000,7.587,7.619,7.586,7.606,2592.6,1681767299999,19704.4242,180,2238.6,17014.6559,0,2.3256
1681767300000,7.606,7.624,7.586,7.586,2241.7,1681767599999,17049.4338,173,322.7,2459.0176,0,2.3322
1681767600000,7.587,7.612,7.587,7.598,2495.6,1681767899999,18969.2387,162,861.2,6546.8675,0,2.3146
1681767900000,7.603,7.618,7.594,7.597,2928.7,1681768199999,22267.7101,215,1013.7,7709.6455,0,2.3311
1681768200000,7.598,7.609,7.562,7.574,5001.4,1681768499999,37934.3527,413,697.3,5291.3802,0,2.3333
1681768500000,7.57,7.587,7.57,7.572,3059.6,1681768799999,23175.7688,223,954.9,7236.9983,0,2.3333
1681768800000,7.572,7.602,7.572,7.576,6568.2,1681769099999,49822.1994,524,2904.4,22038.2256,0,2.3478
1681769100000,7.576,7.589,7.576,7.582,2588.9,1681769399999,19629.8596,241,920.0,6975.0882,0,2.3933
1681769400000,7.582,7.593,7.582,7.584,2064.0,1681769699999,15660.0684,234,1044.5,7925.2351,0,2.391
1681769700000,7.587,7.604,7.587,7.594,3312.5,1681769999999,25171.2705,256,1593.1,12105.18,0,2.3693
1681770000000,7.599,7.602,7.592,7.596,1306.7,1681770299999,9930.1922,53,884.9,6725.3393,0,2.3841
1681770300000,7.595,7.599,7.585,7.586,1044.2,1681770599999,7927.5265,82,427.2,3243.3703,0,2.3727
1681770600000,7.586,7.597,7.472,7.549,25588.9,1681770899999,192805.9393,597,7061.5,53299.0422,0,2.3681
1681770900000,7.549,7.579,7.542,7.566,7504.6,1681771199999,56721.3435,473,4733.4,35791.0851,0,2.375
1681771200000,7.569,7.582,7.542,7.544,12443.4,1681771499999,94003.2054,441,2614.4,19785.6279,0,2.4977
1681771500000,7.551,7.566,7.544,7.548,2678.0,1681771799999,20231.4676,161,1328.4,10037.5949,0,2.4916
1681771800000,7.548,7.565,7.54,7.547,1403.5,1681772099999,10601.8468,84,710.9,5370.1474,0,2.4722
1681772100000,7.547,7.566,7.546,7.56,2716.6,1681772399999,20521.2694,138,1413.3,10678.5056,0,2.4495
1681772400000,7.56,7.586,7.558,7.579,3705.7,1681772699999,28073.7547,212,2265.9,17164.0082,0,2.4674
1681772700000,7.579,7.587,7.579,7.582,1110.3,1681772999999,8420.2661,93,659.9,5004.7943,0,2.4674
1681773000000,7.582,7.583,7.572,7.575,2092.3,1681773299999,15853.5038,100,1463.0,11085.5048,0,2.44
1681773300000,7.575,7.582,7.562,7.579,1584.6,1681773599999,11996.4276,133,1312.0,9932.3924,0,2.42
1681773600000,7.58,7.587,7.557,7.572,2798.0,1681773899999,21193.5168,146,1474.9,11180.1948,0,2.3956
1681773900000,7.572,7.572,7.561,7.565,783.7,1681774199999,5929.332,95,387.1,2928.9826,0,2.3898
1681774200000,7.569,7.576,7.557,7.558,2826.0,1681774499999,21392.0874,201,1386.4,10498.9315,0,2.42
1681774500000,7.559,7.559,7.551,7.552,665.4,1681774799999,5028.2078,34,178.4,1348.1937,0,2.4153
1681774800000,7.552,7.555,7.522,7.537,3308.7,1681775099999,24945.5226,185,1857.2,14006.1076,0,2.4305
1681775100000,7.534,7.547,7.521,7.539,2583.9,1681775399999,19478.5344,171,1317.2,9928.4744,0,2.4341
1681775400000,7.534,7.547,7.509,7.51,5193.3,1681775699999,39080.3747,306,1097.8,8262.9902,0,2.4247
1681775700000,7.51,7.522,7.507,7.507,5884.0,1681775999999,44184.6552,224,771.2,5794.4531,0,2.4258
1681776000000,7.507,7.523,7.507,7.514,10139.3,1681776299999,76199.8804,592,3919.9,29466.383,0,2.4807
1681776300000,7.513,7.523,7.508,7.51,3761.2,1681776599999,28260.6244,177,1638.2,12312.5834,0,2.4916
1681776600000,7.511,7.511,7.507,7.51,2709.0,1681776899999,20341.2242,120,736.9,5533.9767,0,2.4698
1681776900000,7.51,7.517,7.507,7.508,3872.4,1681777199999,29077.9066,162,1265.8,9507.5333,0,2.4388
1681777200000,7.508,7.508,7.507,7.508,1659.9,1681777499999,12461.2921,94,422.8,3174.3824,0,2.4638
1681777500000,7.508,7.521,7.507,7.507,2662.5,1681777799999,20001.2363,124,1630.1,12247.6034,0,2.4495
1681777800000,7.51,7.517,7.507,7.515,2626.3,1681778099999,19728.1883,137,1764.1,13253.796,0,2.3887
1681778100000,7.515,7.516,7.505,7.507,6387.4,1681778399999,47954.6232,135,753.2,5658.2102,0,2.367
1681778400000,7.507,7.508,7.457,7.487,10209.8,1681778699999,76298.0695,467,5270.1,39367.2756,0,2.367
1681778700000,7.487,7.499,7.469,7.495,1605.7,1681778999999,12024.6854,125,828.9,6207.2617,0,2.3289
1681779000000,7.495,7.53,7.489,7.53,4466.3,1681779299999,33541.5467,283,3008.6,22608.7347,0,2.3014
1681779300000,7.53,7.539,7.53,7.535,2122.5,1681779599999,15992.4531,144,796.3,6000.1183,0,2.3102
1681779600000,7.536,7.559,7.536,7.558,4745.8,1681779899999,35813.2905,293,3120.2,23547.9794,0,2.3167
1681779900000,7.558,7.586,7.516,7.534,10890.6,1681780199999,82270.4084,597,5403.0,40868.5223,0,2.3036
1681780200000,7.53,7.53,7.47,7.472,7798.8,1681780499999,58497.573,265,4692.9,35219.3646,0,2.3223
1681780500000,7.472,7.483,7.4,7.458,18512.1,1681780799999,137707.1388,834,6821.7,50848.2752,0,2.3501
1681780800000,7.46,7.485,7.459,7.459,4579.9,1681781099999,34243.645,191,1535.2,11479.6719,0,2.3333
1681781100000,7.463,7.491,7.44,7.484,2672.5,1681781399999,19926.5506,144,857.8,6409.7144,0,2.3715
1681781400000,7.485,7.498,7.477,7.489,1327.4,1681781699999,9938.2001,133,660.4,4945.0015,0,2.3591
1681781700000,7.489,7.516,7.471,7.483,6222.3,1681781999999,46626.5243,379,2316.6,17379.0613,0,2.3478
1681782000000,7.485,7.526,7.485,7.519,1916.4,1681782299999,14386.7378,148,1474.9,11077.625,0,2.3818
1681782300000,7.524,7.57,7.52,7.555,8842.5,1681782599999,66710.9283,361,5756.4,43413.6825,0,2.3738
1681782600000,7.559,7.574,7.55,7.562,1491.3,1681782899999,11272.1177,87,751.7,5682.3528,0,2.375
1681782900000,7.56,7.586,7.55,7.55,10976.5,1681783199999,82994.9241,199,2174.1,16466.7336,0,2.34
1681783200000,7.559,7.578,7.55,7.554,2376.8,1681783499999,17975.8395,151,1172.7,8875.3792,0,2.3523
1681783500000,7.555,7.555,7.554,7.554,852.5,1681783799999,6440.0091,24,224.1,1693.0755,0,2.358
1681783800000,7.555,7.555,7.534,7.544,1729.1,1681784099999,13049.5667,115,896.8,6766.3374,0,2.3434
1681784100000,7.547,7.552,7.538,7.544,2185.2,1681784399999,16492.507,138,968.4,7309.328,0,2.34
1681784400000,7.546,7.595,7.546,7.571,5017.7,1681784699999,38032.156,204,3880.4,29422.3409,0,2.3234
1681784700000,7.571,7.573,7.567,7.57,1300.9,1681784999999,9850.2413,45,711.5,5387.678,0,2.3523
1681785000000,7.574,7.585,7.566,7.581,2013.1,1681785299999,15244.9263,103,1088.0,8241.7001,0,2.3422
1681785300000,7.58,7.586,7.557,7.566,4626.8,1681785599999,35034.8978,230,1150.2,8717.4686,0,2.3523
1681785600000,7.573,7.595,7.567,7.594,2899.9,1681785899999,22000.291,204,1551.7,11773.2502,0,2.3512
1681785900000,7.595,7.603,7.575,7.589,5057.0,1681786199999,38402.7627,238,2493.7,18940.8416,0,2.3772
1681786200000,7.59,7.618,7.59,7.613,2232.1,1681786499999,16975.9687,240,1508.4,11473.5183,0,2.4153
1681786500000,7.611,7.627,7.61,7.62,1677.3,1681786799999,12779.6205,184,875.9,6673.511,0,2.4165
1681786800000,7.62,7.62,7.575,7.596,10463.0,1681787099999,79515.5507,625,4398.4,33436.5695,0,2.391
1681787100000,7.599,7.611,7.594,7.596,2858.5,1681787399999,21742.0424,121,1704.3,12961.6578,0,2.3036
1681787400000,7.598,7.637,7.586,7.612,6758.4,1681787699999,51466.7973,395,2237.2,17035.34,0,2.3875
1681787700000,7.613,7.624,7.574,7.601,3926.0,1681787999999,29834.1441,199,970.1,7377.3607,0,2.3602
1681788000000,7.599,7.603,7.565,7.579,3631.3,1681788299999,27558.4744,148,1236.4,9386.8327,0,2.367
1681788300000,7.58,7.583,7.544,7.561,3750.5,1681788599999,28344.7199,220,510.7,3864.1525,0,2.4002
1681788600000,7.552,7.581,7.552,7.567,2495.2,1681788899999,18888.2313,218,1242.2,9402.7232,0,2.4072
1681788900000,7.568,7.578,7.568,7.576,1391.0,1681789199999,10535.6805,156,459.1,3477.2187,0,2.4317
1681789200000,7.577,7.584,7.547,7.561,5193.6,1681789499999,39290.914,220,1619.2,12241.7081,0,2.4435
1681789500000,7.562,7.576,7.562,7.57,2394.8,1681789799999,18132.763,133,624.5,4729.4898,0,2.4614
1681789800000,7.569,7.569,7.517,7.525,4334.2,1681790099999,32683.3348,216,988.5,7458.3066,0,2.4554
1681790100000,7.527,7.551,7.526,7.541,3240.1,1681790399999,24427.607,128,2149.8,16210.8644,0,2.4614
1681790400000,7.542,7.571,7.542,7.567,3998.8,1681790699999,30244.7072,228,2055.1,15541.7414,0,2.4602
1681790700000,7.566,7.568,7.525,7.527,3277.2,1681790999999,24735.6195,168,1026.3,7755.5232,0,2.4447
1681791000000,7.526,7.544,7.526,7.544,1099.7,1681791299999,8289.8679,76,539.8,4068.4979,0,2.44
1681791300000,7.544,7.544,7.515,7.535,2100.5,1681791599999,15826.7868,105,757.4,5706.9484,0,2.4614
1681791600000,7.537,7.541,7.528,7.538,1149.7,1681791899999,8666.8565,65,885.6,6676.4117,0,2.4771
1681791900000,7.54,7.582,7.539,7.57,5201.6,1681792199999,39335.7524,260,4289.9,32438.3365,0,2.4807
1681792200000,7.564,7.566,7.543,7.543,2522.5,1681792499999,19053.7707,122,793.4,5992.2898,0,2.4542
1681792500000,7.548,7.555,7.544,7.551,1419.2,1681792799999,10716.9817,71,466.6,3522.8351,0,2.4507
1681792800000,7.55,7.567,7.55,7.567,793.5,1681793099999,5998.8119,53,403.9,3053.3307,0,2.4662
1681793100000,7.566,7.567,7.557,7.557,1385.6,1681793399999,10478.2462,70,325.4,2461.7091,0,2.4602
1681793400000,7.561,7.57,7.553,7.565,3593.8,1681793699999,27180.9822,111,1633.9,12365.0936,0,2.4566
1681793700000,7.565,7.575,7.556,7.575,2040.3,1681793999999,15444.4818,72,1719.2,13013.6724,0,2.4542
1681794000000,7.575,7.582,7.571,7.578,1654.6,1681794299999,12537.4506,110,969.5,7347.6687,0,2.4435
1681794300000,7.579,7.588,7.571,7.586,1674.9,1681794599999,12693.1918,74,1399.0,10603.1225,0,2.4614
1681794600000,7.586,7.606,7.583,7.6,2051.5,1681794899999,15578.4604,183,707.4,5374.0597,0,2.4686
1681794900000,7.6,7.609,7.588,7.603,1322.6,1681795199999,10047.3748,82,950.6,7220.8915,0,2.4722
1681795200000,7.598,7.611,7.594,7.601,1040.6,1681795499999,7907.1372,124,431.6,3280.9827,0,2.4795
1681795500000,7.601,7.608,7.597,7.602,496.7,1681795799999,3775.0729,43,141.5,1075.6008,0,2.5125
1681795800000,7.602,7.631,7.597,7.621,3057.7,1681796099999,23277.9175,314,1251.1,9530.4549,0,2.5112
1681796100000,7.621,7.673,7.621,7.664,6570.8,1681796399999,50276.5047,397,4896.5,37464.3165,0,2.5273
1681796400000,7.665,7.725,7.659,7.725,7642.9,1681796699999,58766.4891,411,5526.4,42495.3766,0,2.5149
1681796700000,7.709,7.714,7.625,7.667,20906.8,1681796999999,160107.0405,1174,7777.5,59587.7237,0,2.4388
1681797000000,7.667,7.679,7.633,7.634,6105.8,1681797299999,46754.8696,402,1945.7,14909.0424,0,2.2499
1681797300000,7.639,7.663,7.633,7.651,6461.9,1681797599999,49404.2641,377,2558.4,19566.6163,0,2.4746
1681797600000,7.651,7.684,7.648,7.65,4892.3,1681797899999,37490.3796,292,2277.7,17461.12,0,2.5511
1681797900000,7.651,7.66,7.651,7.657,1510.9,1681798199999,11569.8481,88,671.4,5141.6412,0,2.5423
1681798200000,7.657,7.657,7.637,7.643,4496.9,1681798499999,34387.6962,180,1381.7,10570.3878,0,2.56
1681798500000,7.643,7.7,7.639,7.695,8285.7,1681798799999,63565.6809,481,4799.1,36794.2234,0,2.5499
1681798800000,7.695,7.695,7.669,7.681,3119.6,1681799099999,23955.7818,180,1268.9,9743.3897,0,2.5625
1681799100000,7.681,7.684,7.67,7.682,2179.1,1681799399999,16728.8263,83,407.5,3128.8927,0,2.5002
1681799400000,7.681,7.693,7.663,7.674,1846.6,1681799699999,14171.047,135,439.4,3373.1998,0,2.5336
1681799700000,7.667,7.671,7.655,7.656,2905.7,1681799999999,22258.4714,209,1010.0,7736.8924,0,2.5125
1681800000000,7.657,7.66,7.632,7.652,5166.5,1681800299999,39501.8435,182,2038.2,15583.2659,0,2.5014
1681800300000,7.653,7.653,7.627,7.629,3104.3,1681800599999,23717.3531,150,1179.4,9011.2699,0,2.5236
1681800600000,7.629,7.629,7.617,7.621,4212.9,1681800899999,32119.2224,162,1529.3,11660.5343,0,2.5249
1681800900000,7.622,7.635,7.597,7.597,5016.4,1681801199999,38211.5215,294,997.5,7605.5136,0,2.5323
1681801200000,7.602,7.63,7.583,7.586,9658.5,1681801499999,73505.2123,476,3144.9,23921.2828,0,2.5373
1681801500000,7.591,7.603,7.554,7.573,3961.6,1681801799999,30032.7987,299,1106.0,8392.0065,0,2.5236
1681801800000,7.572,7.58,7.551,7.566,3001.3,1681802099999,22708.8085,257,1273.8,9643.9282,0,2.488
1681802100000,7.567,7.583,7.549,7.569,6979.6,1681802399999,52820.5635,269,4395.0,33278.2623,0,2.4483
1681802400000,7.57,7.582,7.557,7.581,2982.9,1681802699999,22580.4356,116,2282.4,17281.1761,0,2.4566
1681802700000,7.576,7.58,7.543,7.547,3397.4,1681802999999,25685.5308,140,807.3,6103.8532,0,2.4483
1681803000000,7.55,7.579,7.549,7.567,3512.7,1681803299999,26571.8817,197,2270.2,17175.2233,0,2.4662
1681803300000,7.575,7.576,7.536,7.539,3328.0,1681803599999,25118.8872,150,1212.2,9154.0467,0,2.5112
1681803600000,7.539,7.544,7.508,7.516,11473.7,1681803899999,86374.5635,379,4151.9,31256.9147,0,2.4868
1681803900000,7.525,7.527,7.5,7.512,5505.7,1681804199999,41316.9194,322,2505.9,18807.6752,0,2.5063
1681804200000,7.512,7.527,7.502,7.505,3240.8,1681804499999,24349.6836,185,1326.7,9969.2017,0,2.4843
1681804500000,7.506,7.532,7.502,7.509,7872.4,1681804799999,59092.3522,281,1775.9,13344.2887,0,2.5026
1681804800000,7.51,7.534,7.502,7.515,7319.4,1681805099999,54996.0346,457,4541.0,34134.9151,0,2.5174
1681805100000,7.515,7.516,7.502,7.51,13028.7,1681805399999,97760.8449,342,1805.0,13550.3188,0,2.5474
1681805400000,7.508,7.509,7.489,7.493,7462.4,1681805699999,55953.9676,216,1627.4,12206.2699,0,2.5236
1681805700000,7.493,7.519,7.485,7.486,7288.3,1681805999999,54666.2651,357,4722.4,35435.392,0,2.5051
1681806000000,7.485,7.492,7.46,7.48,7255.1,1681806299999,54233.8092,288,3376.4,25242.9735,0,2.5063
1681806300000,7.481,7.499,7.471,7.485,8365.2,1681806599999,62591.1892,299,5416.3,40548.2492,0,2.5112
1681806600000,7.48,7.51,7.462,7.501,10633.5,1681806899999,79555.7741,453,7516.6,56259.2028,0,2.4518
1681806900000,7.508,7.624,7.506,7.574,27815.6,1681807199999,210412.3245,1183,18410.1,139215.0076,0,2.4118
1681807200000,7.569,7.574,7.526,7.538,10895.4,1681807499999,82199.4022,497,4073.7,30729.3268,0,2.3434
1681807500000,7.538,7.546,7.506,7.515,7290.0,1681807799999,54826.5558,430,4258.1,32028.6163,0,2.3557
1681807800000,7.515,7.537,7.499,7.517,6010.0,1681808099999,45163.2979,266,3089.6,23228.3871,0,2.3591
1681808100000,7.517,7.539,7.471,7.495,8271.8,1681808399999,62020.6729,351,2111.1,15855.9921,0,2.3852
1681808400000,7.494,7.494,7.425,7.453,25975.2,1681808699999,193533.1282,996,11173.3,83278.7959,0,2.4095
1681808700000,7.454,7.479,7.453,7.458,4913.4,1681808999999,36661.279,234,2184.1,16304.9904,0,2.4674
1681809000000,7.46,7.489,7.453,7.473,6026.2,1681809299999,45022.8507,286,3675.5,27465.3765,0,2.5211
1681809300000,7.471,7.483,7.451,7.473,5113.4,1681809599999,38137.7145,203,2226.8,16616.46,0,2.4928
1681809600000,7.473,7.481,7.458,7.466,4525.9,1681809899999,33826.1566,168,1412.6,10559.2177,0,2.4843
1681809900000,7.471,7.483,7.435,7.456,9916.7,1681810199999,73984.0034,380,2917.0,21786.1465,0,2.4734
1681810200000,7.461,7.489,7.458,7.48,7673.9,1681810499999,57334.0348,356,2843.2,21254.0884,0,2.4977
1681810500000,7.48,7.499,7.458,7.483,4658.4,1681810799999,34822.3547,247,2010.2,15040.1026,0,2.5186
1681810800000,7.484,7.484,7.458,7.46,7975.8,1681811099999,59581.8775,404,3481.4,26031.8237,0,2.5039
1681811100000,7.46,7.468,7.43,7.432,6507.6,1681811399999,48484.9497,418,1796.9,13400.88,0,2.5336
1681811400000,7.432,7.511,7.432,7.441,17086.0,1681811699999,127637.1096,977,9813.9,73385.2934,0,2.5651
1681811700000,7.441,7.464,7.441,7.464,2514.0,1681811999999,18741.037,106,1412.8,10527.1598,0,2.5348
1681812000000,7.464,7.508,7.463,7.496,18035.1,1681812299999,135095.6147,445,15599.5,116868.1775,0,2.4602
1681812300000,7.495,7.504,7.483,7.489,8266.6,1681812599999,61977.1677,283,4191.3,31434.734,0,2.4602
1681812600000,7.487,7.488,7.466,7.478,6298.7,1681812899999,47114.3326,149,1100.1,8235.6212,0,2.4554
1681812900000,7.477,7.477,7.4,7.414,30485.4,1681813199999,226560.3335,789,3122.4,23193.3663,0,2.4674
1681813200000,7.415,7.448,7.414,7.433,4752.0,1681813499999,35319.1526,219,2698.5,20063.7928,0,2.4771
1681813500000,7.436,7.467,7.43,7.455,7593.9,1681813799999,56560.611,369,4037.0,30085.8591,0,2.5625
1681813800000,7.455,7.48,7.44,7.467,7103.8,1681814099999,53019.3848,305,4166.8,31102.3334,0,2.5842
1681814100000,7.468,7.48,7.46,7.476,2545.5,1681814399999,19016.9534,143,1510.8,11288.4857,0,2.5817
1681814400000,7.475,7.478,7.456,7.46,2924.0,1681814699999,21827.4512,141,1229.6,9180.2629,0,2.5702
1681814700000,7.46,7.486,7.46,7.486,1639.9,1681814999999,12258.3916,95,924.4,6911.1941,0,2.5907
1681815000000,7.486,7.501,7.483,7.487,4279.0,1681815299999,32051.8129,168,3318.7,24860.3083,0,2.5676
1681815300000,7.487,7.487,7.466,7.466,1134.4,1681815599999,8483.8991,54,252.0,1883.5626,0,2.574
1681815600000,7.466,7.476,7.466,7.476,2219.9,1681815899999,16583.2924,113,1356.3,10133.817,0,2.5984
1681815900000,7.478,7.483,7.468,7.476,2837.1,1681816199999,21205.4411,84,2331.6,17427.4913,0,2.5997
1681816200000,7.48,7.483,7.471,7.476,1119.8,1681816499999,8372.0078,59,539.3,4032.2473,0,2.6062
1681816500000,7.479,7.488,7.467,7.485,3789.2,1681816799999,28343.4086,211,2062.3,15430.3038,0,2.6023
1681816800000,7.488,7.515,7.476,7.496,6364.5,1681817099999,47706.4438,347,4660.7,34941.5269,0,2.6324
1681817100000,7.496,7.507,7.485,7.498,3063.4,1681817399999,22953.8334,176,1915.3,14354.4564,0,2.635
1681817400000,7.498,7.523,7.475,7.513,8922.0,1681817699999,66896.144,416,2405.3,18054.0387,0,2.6193
1681817700000,7.512,7.552,7.505,7.538,9433.3,1681817999999,71005.5979,558,5334.9,40192.0885,0,2.6603
1681818000000,7.537,7.591,7.53,7.58,21710.9,1681818299999,164204.9857,964,13362.3,101071.2519,0,2.7258
1681818300000,7.575,7.632,7.56,7.609,16709.2,1681818599999,126683.3428,624,7474.4,56743.6198,0,2.7608
1681818600000,7.61,7.624,7.583,7.611,8772.1,1681818899999,66698.5529,408,3364.0,25583.7382,0,2.7037
1681818900000,7.608,7.608,7.537,7.592,26141.1,1681819199999,197784.0116,714,5663.1,42917.8838,0,2.667
1681819200000,7.584,7.632,7.559,7.585,18547.5,1681819499999,140876.6036,900,9824.0,74618.8701,0,2.5958
1681819500000,7.589,7.622,7.571,7.599,10322.2,1681819799999,78390.3064,470,5374.9,40852.9545,0,2.6023
1681819800000,7.6,7.606,7.58,7.597,5587.6,1681820099999,42412.0252,367,2604.4,19776.8409,0,2.5689
1681820100000,7.597,7.613,7.585,7.608,4193.2,1681820399999,31871.2486,298,2492.1,18949.7536,0,2.5676
1681820400000,7.607,7.654,7.592,7.619,8195.3,1681820699999,62486.1226,439,5858.4,44695.6636,0,2.5461
1681820700000,7.619,7.622,7.589,7.616,7715.2,1681820999999,58734.9263,534,4217.1,32129.7737,0,2.5348
1681821000000,7.616,7.616,7.559,7.607,8199.2,1681821299999,62193.3204,450,2269.9,17242.8233,0,2.3795
1681821300000,7.607,7.611,7.555,7.555,6492.0,1681821599999,49187.3146,293,759.7,5771.2505,0,2.4638
1681821600000,7.561,7.589,7.512,7.535,17776.0,1681821899999,134274.2103,528,2812.4,21279.5419,0,2.4638
1681821900000,7.536,7.56,7.521,7.547,9138.5,1681822199999,68893.8881,380,4660.0,35148.395,0,2.5174
1681822200000,7.549,7.561,7.543,7.543,1922.3,1681822499999,14515.8253,110,473.7,3578.8382,0,2.5386
1681822500000,7.548,7.549,7.53,7.535,1129.8,1681822799999,8515.2355,48,588.9,4438.4,0,2.4953
1681822800000,7.533,7.553,7.524,7.551,4498.7,1681823099999,33903.1807,183,2734.8,20618.436,0,2.5149
1681823100000,7.551,7.551,7.509,7.517,3856.7,1681823399999,29014.9031,254,878.9,6617.6319,0,2.5149
1681823400000,7.517,7.533,7.514,7.532,2406.8,1681823699999,18106.9644,89,1053.0,7922.452,0,2.4376
1681823700000,7.528,7.528,7.507,7.528,2981.7,1681823999999,22411.3143,131,918.1,6906.9301,0,2.4578
1681824000000,7.52,7.528,7.51,7.516,1585.7,1681824299999,11923.3014,76,1092.5,8217.1276,0,2.4341
1681824300000,7.514,7.518,7.502,7.517,2312.1,1681824599999,17364.0128,78,496.3,3727.0411,0,2.4507
1681824600000,7.514,7.526,7.51,7.51,3089.9,1681824899999,23220.0681,129,2021.3,15192.3658,0,2.4554
1681824900000,7.51,7.519,7.5,7.502,7928.3,1681825199999,59507.9934,191,1387.3,10418.3148,0,2.4686
1681825200000,7.503,7.517,7.501,7.501,5035.5,1681825499999,37787.6246,128,1416.2,10634.1645,0,2.4412
1681825500000,7.504,7.523,7.504,7.51,3644.9,1681825799999,27382.9981,195,1712.7,12871.5975,0,2.4698
1681825800000,7.51,7.515,7.503,7.506,1276.8,1681826099999,9584.7756,106,212.1,1593.0645,0,2.4746
1681826100000,7.506,7.51,7.496,7.505,7045.2,1681826399999,52849.9461,231,430.6,3231.5735,0,2.5075
1681826400000,7.505,7.52,7.459,7.459,8465.3,1681826699999,63398.1261,266,2451.2,18385.8384,0,2.5298
1681826700000,7.467,7.468,7.451,7.463,8219.9,1681826999999,61350.1822,246,4178.9,31197.6399,0,2.5199
1681827000000,7.463,7.479,7.451,7.478,2164.8,1681827299999,16165.958,125,1374.0,10265.0024,0,2.4783
1681827300000,7.473,7.493,7.447,7.468,9729.2,1681827599999,72604.0889,315,5611.8,41896.107,0,2.4916
1681827600000,7.477,7.489,7.469,7.481,2132.8,1681827899999,15953.5674,112,1079.2,8072.6283,0,2.4722
1681827900000,7.481,7.481,7.417,7.431,9719.1,1681828199999,72281.62,437,2179.7,16204.4853,0,2.4602
1681828200000,7.426,7.44,7.4,7.433,13334.1,1681828499999,98904.3886,394,4554.6,33824.5963,0,2.4341
1681828500000,7.439,7.467,7.437,7.467,5040.4,1681828799999,37566.1487,176,3755.3,27985.564,0,2.4868
1681828800000,7.467,7.467,7.449,7.452,3076.3,1681829099999,22938.935,139,984.0,7339.1076,0,2.4483
1681829100000,7.453,7.474,7.452,7.472,4143.5,1681829399999,30918.9388,196,1723.0,12858.1486,0,2.4843
1681829400000,7.469,7.478,7.461,7.476,4604.9,1681829699999,34406.2184,157,2931.1,21906.9906,0,2.51
1681829700000,7.476,7.514,7.47,7.474,5339.4,1681829999999,39988.5041,308,3278.4,24569.3379,0,2.5014
1681830000000,7.47,7.5,7.468,7.49,5552.8,1681830299999,41559.0013,218,2963.8,22181.082,0,2.5075
1681830300000,7.488,7.501,7.479,7.481,2566.8,1681830599999,19223.2939,135,1226.2,9188.8295,0,2.5075
1681830600000,7.482,7.496,7.48,7.49,2567.7,1681830899999,19231.1142,110,1683.1,12604.9143,0,2.5236
1681830900000,7.487,7.492,7.464,7.466,4581.0,1681831199999,34250.1524,212,2038.3,15247.6129,0,2.5236
1681831200000,7.47,7.481,7.466,7.473,970.9,1681831499999,7255.3054,75,508.6,3801.5742,0,2.4795
1681831500000,7.472,7.48,7.472,7.478,4551.3,1681831799999,34011.3158,109,1555.7,11628.0589,0,2.5323
1681831800000,7.478,7.511,7.471,7.485,6886.6,1681832099999,51553.2019,279,1792.3,13433.5664,0,2.5298
1681832100000,7.485,7.488,7.462,7.465,3551.8,1681832399999,26553.7128,143,460.8,3445.6974,0,2.5063
1681832400000,7.464,7.466,7.452,7.462,4320.1,1681832699999,32227.9316,166,1873.7,13982.2425,0,2.5112
1681832700000,7.462,7.465,7.44,7.46,4046.4,1681832999999,30144.7857,194,760.8,5674.3027,0,2.5524
1681833000000,7.46,7.473,7.458,7.467,1767.9,1681833299999,13196.3689,145,583.8,4359.4467,0,2.5137
1681833300000,7.468,7.515,7.459,7.497,5896.5,1681833599999,44160.1677,391,3423.8,25665.6467,0,2.5549
1681833600000,7.491,7.494,7.463,7.473,8357.4,1681833899999,62473.9686,329,2276.4,17027.2413,0,2.5613
1681833900000,7.478,7.495,7.47,7.492,6180.8,1681834199999,46189.2792,139,1161.5,8691.2201,0,2.5575
1681834200000,7.49,7.49,7.47,7.485,2453.4,1681834499999,18343.1686,103,584.0,4370.0946,0,2.5298
1681834500000,7.489,7.49,7.476,7.485,715.7,1681834799999,5356.5695,94,340.5,2548.6767,0,2.5461
1681834800000,7.486,7.5,7.478,7.491,3802.1,1681835099999,28488.2657,210,2077.9,15571.1545,0,2.5791
1681835100000,7.494,7.525,7.49,7.5,5474.5,1681835399999,41106.6221,264,3562.2,26754.9481,0,2.6036
1681835400000,7.5,7.535,7.47,7.481,18494.5,1681835699999,138765.4741,433,10710.1,80528.2111,0,2.5971
1681835700000,7.471,7.48,7.47,7.48,1873.3,1681835999999,13995.6684,77,730.4,5458.0018,0,2.574
1681836000000,7.48,7.488,7.479,7.488,759.9,1681836299999,5687.99,72,236.2,1767.8918,0,2.5474
1681836300000,7.487,7.493,7.476,7.477,1163.8,1681836599999,8709.2911,79,318.0,2379.2563,0,2.5537
1681836600000,7.476,7.493,7.476,7.491,1380.4,1681836899999,10332.5762,99,783.4,5865.7718,0,2.5524
1681836900000,7.49,7.494,7.483,7.494,1207.5,1681837199999,9046.9172,37,598.5,4484.005,0,2.5676
1681837200000,7.493,7.494,7.472,7.481,3359.0,1681837499999,25128.7612,141,1898.8,14203.5571,0,2.5199
1681837500000,7.481,7.49,7.479,7.49,518.2,1681837799999,3876.8056,40,359.3,2688.2224,0,2.5112
1681837800000,7.49,7.505,7.49,7.503,1943.8,1681838099999,14582.1976,75,543.3,4075.4273,0,2.5162
1681838100000,7.502,7.503,7.478,7.487,1572.9,1681838399999,11782.6566,105,387.7,2905.8163,0,2.5236
1681838400000,7.488,7.497,7.477,7.477,1568.6,1681838699999,11743.75,103,1042.2,7803.7266,0,2.5249
1681838700000,7.482,7.485,7.47,7.47,4145.6,1681838999999,30980.8457,112,1045.7,7821.7394,0,2.5311
1681839000000,7.47,7.485,7.455,7.475,7842.9,1681839299999,58564.7686,231,2535.9,18945.8974,0,2.5286
1681839300000,7.474,7.489,7.47,7.485,1840.3,1681839599999,13762.163,90,1568.1,11728.4933,0,2.5298
1681839600000,7.487,7.487,7.44,7.45,9024.5,1681839899999,67249.4383,251,3284.0,24458.887,0,2.488
1681839900000,7.447,7.447,7.411,7.429,7042.5,1681840199999,52274.0331,352,2521.2,18719.6259,0,2.4904
1681840200000,7.427,7.429,7.393,7.41,8746.9,1681840499999,64790.2158,264,2414.3,17881.8209,0,2.4904
1681840500000,7.41,7.439,7.235,7.287,107787.4,1681840799999,788065.1216,2758,22757.3,166315.1339,0,2.5174
1681840800000,7.287,7.299,7.2,7.262,80907.1,1681841099999,585752.1459,2795,33375.1,241886.7557,0,2.4758
1681841100000,7.265,7.299,7.262,7.292,13985.9,1681841399999,101959.1578,574,7046.2,51349.6982,0,2.6127
1681841400000,7.291,7.311,7.291,7.306,5557.3,1681841699999,40563.4895,216,2922.6,21339.1296,0,2.6062
1681841700000,7.307,7.328,7.299,7.323,4961.5,1681841999999,36290.6219,210,3418.3,25008.4412,0,2.5932
1681842000000,7.323,7.334,7.323,7.333,5218.4,1681842299999,38248.3553,130,3419.5,25068.4958,0,2.5613
1681842300000,7.333,7.352,7.333,7.343,3361.0,1681842599999,24686.1138,136,1738.1,12768.0742,0,2.5842
1681842600000,7.345,7.347,7.328,7.328,3309.5,1681842899999,24300.5185,148,1062.4,7803.6516,0,2.5689
1681842900000,7.329,7.339,7.316,7.326,3858.8,1681843199999,28280.7112,169,1958.5,14358.482,0,2.5817
1681843200000,7.326,7.327,7.302,7.302,4660.9,1681843499999,34096.6912,233,3048.6,22305.2673,0,2.601
1681843500000,7.31,7.315,7.27,7.291,13758.0,1681843799999,100257.5891,475,6758.4,49238.9982,0,2.5386
1681843800000,7.29,7.29,7.246,7.274,4865.6,1681844099999,35375.5145,219,2374.7,17271.2646,0,2.5562
1681844100000,7.274,7.282,7.267,7.268,3144.5,1681844399999,22883.2761,124,1400.1,10189.3483,0,2.5553
1681844400000,7.268,7.274,7.268,7.271,5824.1,1681844699999,42343.7321,183,3240.5,23560.4213,0,2.5486
1681844700000,7.272,7.273,7.254,7.255,4059.2,1681844999999,29489.1404,176,1388.4,10087.1895,0,2.5499
1681845000000,7.26,7.262,7.246,7.251,2940.7,1681845299999,21326.5388,153,891.0,6461.4007,0,2.5945
1681845300000,7.251,7.26,7.246,7.257,2720.3,1681845599999,19734.677,148,1678.8,12179.3109,0,2.5984
1681845600000,7.255,7.274,7.252,7.256,2354.8,1681845899999,17108.4565,133,1917.5,13932.7219,0,2.5984
1681845900000,7.26,7.26,7.25,7.257,2525.2,1681846199999,18316.4387,88,1449.2,10513.817,0,2.5765
1681846200000,7.257,7.257,7.25,7.25,2878.0,1681846499999,20877.3988,129,1357.6,9848.9498,0,2.5984
1681846500000,7.252,7.397,7.25,7.309,62824.6,1681846799999,460026.9034,2246,38754.2,283655.5334,0,2.6284
1681846800000,7.312,7.343,7.292,7.312,13741.7,1681847099999,100496.5146,577,7556.5,55273.5655,0,2.6101
1681847100000,7.316,7.322,7.3,7.317,3123.7,1681847399999,22840.3555,181,1351.0,9879.3206,0,2.5689
1681847400000,7.316,7.322,7.29,7.31,4553.0,1681847699999,33262.5668,263,2356.2,17212.8731,0,2.6088
1681847700000,7.31,7.331,7.3,7.307,3474.2,1681847999999,25406.6569,145,1868.5,13665.6289,0,2.5907
1681848000000,7.303,7.318,7.292,7.292,8856.7,1681848299999,64681.7143,248,3054.1,22307.3759,0,2.5881
1681848300000,7.293,7.317,7.288,7.312,2614.0,1681848599999,19096.7225,181,1167.4,8533.5606,0,2.6088
1681848600000,7.313,7.339,7.309,7.323,2930.6,1681848899999,21448.4446,222,1262.7,9244.5291,0,2.6443
1681848900000,7.323,7.345,7.315,7.341,2783.8,1681849199999,20417.7555,175,935.6,6862.3749,0,2.655
1681849200000,7.339,7.343,7.323,7.329,1510.5,1681849499999,11080.3137,114,581.6,4267.813,0,2.6179
1681849500000,7.329,7.356,7.329,7.343,1592.2,1681849799999,11695.9876,153,827.9,6081.9803,0,2.6311
1681849800000,7.351,7.37,7.351,7.367,3299.4,1681850099999,24290.7748,179,1409.9,10378.9285,0,2.651
1681850100000,7.365,7.369,7.34,7.365,3750.7,1681850399999,27578.2642,177,1102.6,8113.1415,0,2.6337
1681850400000,7.366,7.37,7.366,7.37,1494.1,1681850699999,11008.733,63,1351.0,9954.3636,0,2.6258
1681850700000,7.37,7.377,7.364,7.369,3408.3,1681850999999,25124.2575,148,1199.9,8846.4812,0,2.6443
1681851000000,7.372,7.388,7.366,7.385,1575.5,1681851299999,11623.793,103,1166.7,8609.8028,0,2.6603
1681851300000,7.386,7.397,7.367,7.389,4215.3,1681851599999,31114.4021,187,1410.7,10419.9222,0,2.6563
1681851600000,7.391,7.402,7.391,7.398,4334.9,1681851899999,32067.9397,154,1104.2,8170.4523,0,2.6643
1681851900000,7.397,7.42,7.396,7.412,5081.7,1681852199999,37651.0973,219,3989.3,29563.6031,0,2.6496
1681852200000,7.408,7.408,7.397,7.399,2146.3,1681852499999,15882.8368,104,954.2,7060.9487,0,2.6563
1681852500000,7.399,7.399,7.357,7.384,11606.1,1681852799999,85623.8737,355,2951.9,21791.7704,0,2.5945
1681852800000,7.384,7.392,7.383,7.392,1466.0,1681853099999,10825.0834,62,575.7,4251.3052,0,2.6232
1681853100000,7.394,7.411,7.394,7.411,1745.5,1681853399999,12921.0931,117,1157.2,8568.1761,0,2.6443
1681853400000,7.411,7.415,7.399,7.415,2602.5,1681853699999,19273.8674,130,1771.1,13114.7751,0,2.635
1681853700000,7.415,7.418,7.414,7.417,1426.0,1681853999999,10575.1747,71,1259.0,9336.7285,0,2.5971
1681854000000,7.418,7.422,7.4,7.412,1343.7,1681854299999,9963.8693,97,480.8,3566.7584,0,2.6036
1681854300000,7.415,7.421,7.4,7.415,1834.6,1681854599999,13593.415,106,614.2,4553.5624,0,2.5907
1681854600000,7.417,7.43,7.416,7.43,1709.4,1681854899999,12688.2625,107,691.7,5135.0473,0,2.614
1681854900000,7.43,7.442,7.427,7.436,1146.7,1681855199999,8525.3001,82,672.2,4997.6796,0,2.6075
1681855200000,7.44,7.45,7.423,7.43,3488.7,1681855499999,25952.7949,201,1089.0,8104.4865,0,2.5894
1681855500000,7.43,7.455,7.43,7.453,3438.9,1681855799999,25594.0223,229,2265.3,16862.8618,0,2.5881
1681855800000,7.452,7.457,7.401,7.42,5179.7,1681856099999,38467.8936,354,1284.3,9559.7826,0,2.5423
1681856100000,7.42,7.43,7.399,7.429,2530.1,1681856399999,18767.1072,175,1702.2,12629.7481,0,2.5149
1681856400000,7.43,7.433,7.413,7.423,1342.5,1681856699999,9972.6131,113,566.5,4208.9714,0,2.5448
1681856700000,7.429,7.454,7.429,7.454,1816.8,1681856999999,13527.673,192,1585.1,11802.7829,0,2.5149
1681857000000,7.451,7.456,7.445,7.449,3573.0,1681857299999,26613.0842,161,593.2,4418.695,0,2.5174
1681857300000,7.448,7.449,7.412,7.441,4487.1,1681857599999,33391.3112,163,1671.7,12430.8386,0,2.4783
1681857600000,7.441,7.448,7.432,7.448,1497.5,1681857899999,11145.6558,89,1062.2,7905.568,0,2.4843
1681857900000,7.448,7.448,7.434,7.448,683.1,1681858199999,5086.4558,41,536.9,3998.3418,0,2.453
1681858200000,7.448,7.46,7.448,7.46,1567.4,1681858499999,11680.1362,100,1148.0,8554.8114,0,2.453
1681858500000,7.459,7.46,7.42,7.435,4477.1,1681858799999,33313.6106,310,1084.1,8071.9771,0,2.4329
1681858800000,7.435,7.465,7.435,7.463,8437.2,1681859099999,62913.3186,403,3810.5,28400.2126,0,2.4341
1681859100000,7.464,7.464,7.444,7.444,4308.9,1681859399999,32134.5397,173,1197.3,8931.5737,0,2.4941
1681859400000,7.448,7.46,7.448,7.458,1850.3,1681859699999,13798.5799,75,1185.7,8841.4549,0,2.4435
1681859700000,7.458,7.465,7.458,7.459,1103.0,1681859999999,8231.7448,103,453.2,3382.1678,0,2.4435
1681860000000,7.459,7.481,7.445,7.465,12440.6,1681860299999,92833.2186,271,11174.3,83377.2192,0,2.4305
1681860300000,7.469,7.498,7.468,7.481,8368.0,1681860599999,62596.2154,442,5380.6,40265.3783,0,2.4282
1681860600000,7.481,7.497,7.471,7.489,3328.5,1681860899999,24920.1342,336,2025.6,15165.9959,0,2.2938
1681860900000,7.489,7.5,7.458,7.481,9260.7,1681861199999,69231.1041,404,2552.0,19086.4589,0,2.2701
1681861200000,7.481,7.492,7.467,7.477,5289.2,1681861499999,39541.794,212,3131.5,23401.94,0,2.2637
1681861500000,7.478,7.499,7.478,7.485,2190.1,1681861799999,16397.2184,233,675.2,5056.7427,0,2.34
1681861800000,7.487,7.496,7.481,7.482,1269.9,1681862099999,9509.0814,66,684.9,5129.4551,0,2.3864
1681862100000,7.482,7.5,7.477,7.488,3983.3,1681862399999,29836.6291,198,2461.8,18445.8002,0,2.3467
1681862400000,7.488,7.5,7.488,7.497,5545.0,1681862699999,41563.3037,371,3023.9,22669.3251,0,2.3411
1681862700000,7.497,7.524,7.493,7.518,5218.1,1681862999999,39161.0934,287,4008.2,30074.1118,0,2.3102
1681863000000,7.519,7.554,7.508,7.534,7693.1,1681863299999,57958.701,443,5146.3,38775.9501,0,2.2279
1681863300000,7.531,7.598,7.524,7.585,9956.9,1681863599999,75294.1503,505,6708.3,50737.6293,0,2.1949
1681863600000,7.58,7.58,7.535,7.539,5451.4,1681863899999,41176.7502,412,1951.5,14741.8386,0,2.2103
1681863900000,7.539,7.621,7.534,7.598,7314.9,1681864199999,55470.4083,418,5851.2,44392.6667,0,2.1969
1681864200000,7.602,7.602,7.538,7.541,5055.5,1681864499999,38232.0491,453,2186.9,16534.8682,0,2.1918
1681864500000,7.54,7.558,7.538,7.547,3729.6,1681864799999,28131.7898,184,2372.4,17895.6137,0,2.1756
1681864800000,7.548,7.563,7.464,7.477,13465.3,1681865099999,101051.0426,656,1865.4,14026.2776,0,2.1586
1681865100000,7.475,7.547,7.475,7.542,7484.9,1681865399999,56290.2104,509,4274.7,32134.3184,0,2.1626
1681865400000,7.54,7.546,7.447,7.47,15639.0,1681865699999,117199.4183,503,2579.0,19337.867,0,2.2362
1681865700000,7.47,7.517,7.464,7.477,13908.8,1681865999999,104160.7929,532,4759.0,35662.7492,0,2.2279
1681866000000,7.473,7.532,7.473,7.528,11408.8,1681866299999,85712.9942,334,7860.9,59040.7894,0,2.3124
1681866300000,7.528,7.531,7.523,7.525,5341.9,1681866599999,40220.4058,115,3355.5,25265.4163,0,2.2321
1681866600000,7.525,7.526,7.522,7.523,659.7,1681866899999,4963.4499,89,448.9,3377.5203,0,2.2103
1681866900000,7.523,7.554,7.523,7.546,6020.6,1681867199999,45346.5061,249,3887.9,29292.0067,0,2.1867
1681867200000,7.545,7.555,7.507,7.523,5400.6,1681867499999,40643.0402,322,1953.7,14707.3448,0,2.1797
1681867500000,7.523,7.523,7.474,7.503,3277.4,1681867799999,24556.1292,221,853.6,6399.5433,0,2.1786
1681867800000,7.503,7.539,7.499,7.538,4350.1,1681868099999,32722.7944,214,3359.2,25272.5252,0,2.1837
1681868100000,7.539,7.577,7.539,7.543,4016.4,1681868399999,30340.7975,245,2278.3,17214.3208,0,2.1888
1681868400000,7.552,7.577,7.552,7.57,2199.5,1681868699999,16634.7784,121,1518.6,11483.825,0,2.1766
1681868700000,7.571,7.626,7.571,7.576,16626.2,1681868999999,126366.8088,601,6717.0,51018.3525,0,2.1857
1681869000000,7.579,7.607,7.572,7.597,2958.2,1681869299999,22456.3808,103,2040.3,15493.0673,0,2.1776
1681869300000,7.601,7.62,7.591,7.62,21075.8,1681869599999,160481.6383,173,18066.0,137577.3286,0,2.1576
1681869600000,7.619,7.671,7.616,7.651,12674.9,1681869899999,96826.5133,535,8739.7,66785.7829,0,2.1506
1681869900000,7.651,7.658,7.569,7.581,12360.3,1681870199999,93986.8186,512,3332.7,25401.5505,0,2.1486
1681870200000,7.582,7.587,7.552,7.583,7100.9,1681870499999,53788.9186,361,4039.3,30610.8495,0,2.1807
1681870500000,7.584,7.595,7.576,7.585,2504.5,1681870799999,19003.44,125,869.0,6592.9522,0,2.1566
1681870800000,7.585,7.598,7.57,7.572,3806.1,1681871099999,28877.7592,192,1374.6,10431.933,0,2.1616
1681871100000,7.577,7.591,7.57,7.588,1151.0,1681871399999,8730.4456,69,498.1,3779.0135,0,2.1726
1681871400000,7.585,7.616,7.583,7.616,3627.4,1681871699999,27600.4468,210,2352.3,17897.0961,0,2.1959
1681871700000,7.615,7.616,7.577,7.59,2725.5,1681871999999,20696.2855,98,1357.4,10307.9785,0,2.1878
1681872000000,7.591,7.604,7.59,7.598,1396.7,1681872299999,10612.8856,79,888.6,6750.8555,0,2.1666
1681872300000,7.601,7.603,7.574,7.586,2932.5,1681872599999,22250.5305,143,1685.9,12798.3429,0,2.1447
1681872600000,7.585,7.59,7.564,7.568,1599.2,1681872899999,12118.7699,149,636.4,4824.7272,0,2.1417
1681872900000,7.573,7.58,7.57,7.57,2675.7,1681873199999,20272.206,78,1603.9,12155.2939,0,2.1338
1681873200000,7.571,7.579,7.57,7.572,2109.1,1681873499999,15975.9354,126,953.4,7223.0095,0,2.1221
1681873500000,7.572,7.572,7.535,7.552,4072.7,1681873799999,30755.6947,212,1439.0,10863.0489,0,2.1387
1681873800000,7.551,7.557,7.548,7.55,953.2,1681874099999,7198.4894,46,332.6,2512.275,0,2.1397
1681874100000,7.551,7.555,7.523,7.544,4095.4,1681874399999,30877.8512,159,1103.5,8325.5982,0,2.1279
1681874400000,7.545,7.582,7.545,7.567,3465.6,1681874699999,26238.3513,149,2207.2,16705.2094,0,2.1319
1681874700000,7.566,7.585,7.558,7.574,2414.9,1681874999999,18285.369,115,1545.1,11701.637,0,2.1162
1681875000000,7.574,7.575,7.553,7.554,2462.9,1681875299999,18632.7395,108,1043.4,7894.9059,0,2.124
1681875300000,7.555,7.565,7.539,7.543,2462.9,1681875599999,18601.5205,162,1259.4,9513.4523,0,2.1211
1681875600000,7.548,7.561,7.545,7.556,905.6,1681875899999,6840.7641,74,541.9,4093.87,0,2.123
1681875900000,7.555,7.564,7.548,7.556,1596.2,1681876199999,12063.6053,107,1073.4,8113.4385,0,2.1143
1681876200000,7.56,7.56,7.546,7.547,925.4,1681876499999,6992.0602,56,415.5,3139.763,0,2.1075
1681876500000,7.547,7.554,7.523,7.527,3483.9,1681876799999,26263.5585,156,1400.4,10563.0822,0,2.1095
1681876800000,7.536,7.549,7.5,7.529,10236.3,1681877099999,77004.2942,331,2750.6,20713.3572,0,2.1095
1681877100000,7.529,7.529,7.487,7.503,5600.7,1681877399999,42070.6773,225,1400.6,10521.2807,0,2.1182
1681877400000,7.494,7.525,7.494,7.501,3984.2,1681877699999,29938.7353,137,2918.6,21935.2472,0,2.2216
1681877700000,7.506,7.535,7.505,7.517,4275.9,1681877999999,32141.8612,147,954.1,7172.4591,0,2.2062
1681878000000,7.518,7.52,7.517,7.52,1136.5,1681878299999,8544.8702,51,622.8,4682.2812,0,2.1776
1681878300000,7.52,7.523,7.505,7.517,2518.3,1681878599999,18925.3234,81,1344.4,10101.2156,0,2.198
1681878600000,7.516,7.518,7.503,7.507,1256.0,1681878899999,9434.3995,67,641.5,4818.5589,0,2.1928
1681878900000,7.512,7.525,7.512,7.524,986.1,1681879199999,7415.5529,36,662.2,4978.5293,0,2.1776
1681879200000,7.525,7.537,7.494,7.5,2725.3,1681879499999,20479.4647,167,611.7,4595.427,0,2.1556
1681879500000,7.497,7.512,7.497,7.509,1513.6,1681879799999,11363.5879,92,792.3,5948.56,0,2.1576
1681879800000,7.509,7.511,7.479,7.507,4106.2,1681880099999,30770.1621,203,1581.4,11859.4725,0,2.1837
1681880100000,7.508,7.511,7.493,7.506,1881.2,1681880399999,14121.289,68,826.0,6201.904,0,2.1397
1681880400000,7.507,7.522,7.506,7.517,4108.1,1681880699999,30858.6415,136,3096.9,23265.2881,0,2.1476
1681880700000,7.515,7.518,7.477,7.498,4104.3,1681880999999,30774.6611,155,839.5,6296.1248,0,2.1776
1681881000000,7.499,7.51,7.499,7.501,2207.1,1681881299999,16560.4866,80,389.1,2920.2339,0,2.1368
1681881300000,7.501,7.502,7.499,7.5,595.2,1681881599999,4464.053,55,374.4,2807.9794,0,2.1686
1681881600000,7.501,7.503,7.444,7.49,17650.2,1681881899999,131874.5954,389,3136.7,23463.9153,0,2.1888
1681881900000,7.49,7.49,7.455,7.468,6393.1,1681882199999,47755.4702,533,2094.5,15645.3712,0,2.1786
1681882200000,7.468,7.479,7.457,7.463,3242.0,1681882499999,24216.1784,240,1302.0,9728.9071,0,2.3568
1681882500000,7.464,7.467,7.441,7.449,4209.7,1681882799999,31388.2919,213,1034.9,7724.3003,0,2.4002
1681882800000,7.449,7.463,7.444,7.453,3218.3,1681883099999,23984.3278,164,1290.6,9623.1851,0,2.4118
1681883100000,7.452,7.467,7.407,7.423,12191.1,1681883399999,90679.3608,396,2964.4,22098.3463,0,2.4141
1681883400000,7.423,7.446,7.417,7.435,7134.0,1681883699999,53046.6454,286,4023.4,29917.667,0,2.3979
1681883700000,7.431,7.441,7.42,7.434,2976.4,1681883999999,22115.2311,120,1712.3,12721.8088,0,2.4614
1681884000000,7.434,7.46,7.422,7.427,9354.1,1681884299999,69669.8661,450,3300.8,24597.0154,0,2.4435
1681884300000,7.429,7.433,7.382,7.4,9628.3,1681884599999,71281.1465,380,2119.4,15714.1245,0,2.4282
1681884600000,7.399,7.409,7.393,7.406,3138.8,1681884899999,23235.8193,125,1717.9,12716.9389,0,2.4048
1681884900000,7.406,7.407,7.316,7.339,15561.5,1681885199999,114405.2366,621,4737.2,34884.5955,0,2.4176
1681885200000,7.345,7.369,7.339,7.357,7388.0,1681885499999,54373.8401,292,3267.5,24044.8604,0,2.4247
1681885500000,7.358,7.364,7.317,7.333,9464.6,1681885799999,69402.559,315,3684.9,27043.8607,0,2.42
1681885800000,7.333,7.343,7.307,7.333,7388.9,1681886099999,54119.4907,302,3555.9,26050.6095,0,2.4329
1681886100000,7.336,7.339,7.315,7.33,4046.9,1681886399999,29647.928,219,1736.3,12721.6058,0,2.4554
1681886400000,7.33,7.33,7.284,7.316,13717.2,1681886699999,100263.7511,435,4216.3,30844.3322,0,2.4722
1681886700000,7.321,7.326,7.31,7.318,7226.2,1681886999999,52846.6934,228,2302.7,16846.9155,0,2.4746
1681887000000,7.314,7.338,7.31,7.326,5406.3,1681887299999,39584.3206,293,3146.5,23048.0751,0,2.5063
1681887300000,7.326,7.326,7.252,7.271,18398.2,1681887599999,133824.2248,384,3287.1,23940.1257,0,2.5236
1681887600000,7.274,7.296,7.271,7.292,5288.5,1681887899999,38529.8313,209,3178.1,23160.0783,0,2.5112
1681887900000,7.292,7.305,7.292,7.299,4435.1,1681888199999,32376.4323,180,2653.7,19375.0524,0,2.5461
1681888200000,7.296,7.297,7.262,7.288,3644.9,1681888499999,26550.968,161,1121.9,8177.1541,0,2.5423
1681888500000,7.288,7.293,7.285,7.29,2823.8,1681888799999,20579.1613,157,1807.7,13174.7531,0,2.5348
1681888800000,7.289,7.297,7.281,7.295,2909.1,1681889099999,21201.4624,197,896.4,6533.5885,0,2.5689
1681889100000,7.295,7.312,7.292,7.294,4763.5,1681889399999,34783.632,280,2906.1,21223.4305,0,2.5958
1681889400000,7.297,7.313,7.297,7.312,2502.6,1681889699999,18291.1288,190,1303.4,9527.4898,0,2.6101
1681889700000,7.311,7.311,7.303,7.309,1124.0,1681889999999,8212.2744,84,714.7,5221.6784,0,2.6377
1681890000000,7.308,7.31,7.281,7.286,3009.8,1681890299999,21957.1814,138,979.0,7141.011,0,2.655
1681890300000,7.286,7.303,7.286,7.291,3926.6,1681890599999,28651.4271,146,2801.0,20440.9496,0,2.6496
1681890600000,7.292,7.292,7.268,7.277,3027.7,1681890899999,22054.4762,131,1027.2,7482.0009,0,2.6496
1681890900000,7.277,7.289,7.271,7.289,2888.4,1681891199999,21035.4386,146,1103.4,8033.649,0,2.6324
1681891200000,7.286,7.287,7.21,7.223,21643.1,1681891499999,156794.8873,732,5958.9,43174.6827,0,2.6075
1681891500000,7.217,7.25,7.158,7.186,41065.7,1681891799999,295790.5467,1521,14243.4,102714.0168,0,2.5958
1681891800000,7.184,7.185,6.69,6.98,115923.7,1681892099999,808511.8802,5369,45540.1,318088.1502,0,2.5311
1681892100000,6.98,7.096,6.98,7.018,26206.5,1681892399999,184529.9656,1540,15685.6,110570.6947,0,2.4916
1681892400000,7.003,7.024,6.3,6.64,102479.0,1681892699999,684238.098,4002,34354.1,229988.6113,0,2.3602
1681892700000,6.642,6.821,6.615,6.8,33261.6,1681892999999,224069.673,1742,14055.9,94691.7913,0,2.3478
1681893000000,6.8,6.882,6.774,6.812,34351.0,1681893299999,234640.0074,1803,16502.7,112769.7279,0,2.2404
1681893300000,6.814,6.835,6.802,6.82,14921.4,1681893599999,101758.9528,1380,6014.4,41035.4638,0,2.3727
1681893600000,6.82,6.837,6.8,6.8,12052.5,1681893899999,82103.1714,1104,4014.7,27380.287,0,2.3807
1681893900000,6.8,6.839,6.788,6.793,12248.9,1681894199999,83437.3113,1114,4775.5,32556.2146,0,2.427
1681894200000,6.793,6.824,6.754,6.779,10192.3,1681894499999,69170.2643,726,2848.4,19334.7925,0,2.4542
1681894500000,6.779,6.785,6.753,6.759,4079.6,1681894799999,27634.5973,289,1063.6,7204.0007,0,2.459
1681894800000,6.759,6.787,6.738,6.77,10212.7,1681895099999,69087.3164,485,5180.5,35075.5624,0,2.4686
1681895100000,6.769,6.783,6.739,6.776,3153.9,1681895399999,21331.0919,167,1522.3,10303.183,0,2.4495
1681895400000,6.784,6.815,6.784,6.809,4778.2,1681895699999,32495.8833,239,3726.2,25345.1693,0,2.471
1681895700000,6.812,6.812,6.698,6.756,29617.2,1681895999999,199893.942,739,8530.6,57570.8772,0,2.4904
1681896000000,6.755,6.773,6.75,6.772,9074.5,1681896299999,61391.7278,465,6857.1,46396.5493,0,2.4388
1681896300000,6.773,6.775,6.738,6.748,9137.7,1681896599999,61799.1253,247,3844.5,26031.0557,0,2.4868
1681896600000,6.75,6.751,6.703,6.748,16142.2,1681896899999,108562.2617,297,4605.2,31017.7108,0,2.4795
1681896900000,6.748,6.797,6.747,6.785,7774.2,1681897199999,52652.0093,278,6485.9,43921.9706,0,2.4578
1681897200000,6.786,6.798,6.78,6.796,2254.4,1681897499999,15307.0837,199,1310.1,8900.914,0,2.4758
1681897500000,6.796,6.796,6.769,6.769,6194.5,1681897799999,42011.9087,210,2359.8,16012.9169,0,2.5373
1681897800000,6.773,6.786,6.745,6.757,6135.3,1681898099999,41489.9616,274,1251.8,8472.6789,0,2.5537
1681898100000,6.754,6.796,6.753,6.79,6423.8,1681898399999,43549.1299,446,5424.4,36787.3681,0,2.5651
1681898400000,6.79,6.792,6.762,6.786,6656.1,1681898699999,45102.1617,258,3343.5,22655.2383,0,2.5689
1681898700000,6.785,6.805,6.785,6.805,2851.6,1681898999999,19380.8444,89,2674.2,18175.3401,0,2.5236
1681899000000,6.804,6.817,6.8,6.809,5058.2,1681899299999,34436.9212,154,3600.4,24515.2488,0,2.5137
1681899300000,6.81,6.825,6.78,6.816,7197.6,1681899599999,48892.1802,364,4954.0,33650.8286,0,2.5137
1681899600000,6.816,6.84,6.813,6.825,2238.5,1681899899999,15273.5942,120,1604.9,10949.5517,0,2.5125
1681899900000,6.828,6.84,6.815,6.825,4009.3,1681900199999,27369.0458,148,1379.4,9423.4647,0,2.4892
1681900200000,6.823,6.823,6.801,6.802,2142.8,1681900499999,14590.2057,141,673.2,4583.2541,0,2.4965
1681900500000,6.803,6.803,6.771,6.785,4224.6,1681900799999,28672.8516,143,1773.1,12037.5371,0,2.4904
1681900800000,6.786,6.794,6.786,6.794,1241.9,1681901099999,8429.7624,42,509.5,3458.202,0,2.5026
1681901100000,6.795,6.801,6.794,6.795,1767.6,1681901399999,12014.5211,87,768.2,5220.991,0,2.5088
1681901400000,6.796,6.799,6.792,6.799,2547.7,1681901699999,17313.3916,67,2237.7,15206.8711,0,2.5063
1681901700000,6.801,6.822,6.801,6.822,1956.8,1681901999999,13343.1452,76,950.2,6479.2486,0,2.5211
1681902000000,6.822,6.824,6.814,6.824,2681.2,1681902299999,18284.6836,121,1186.4,8092.6084,0,2.4734
1681902300000,6.823,6.823,6.802,6.81,3554.5,1681902599999,24227.7083,93,375.0,2554.0464,0,2.5361
1681902600000,6.81,6.829,6.807,6.829,1239.5,1681902899999,8454.3898,74,878.5,5993.1398,0,2.5249
1681902900000,6.829,6.846,6.819,6.845,4003.0,1681903199999,27345.288,157,1815.3,12411.7618,0,2.5323
1681903200000,6.844,6.854,6.834,6.842,4126.7,1681903499999,28246.1972,141,3420.1,23412.0331,0,2.5348
1681903500000,6.842,6.844,6.828,6.828,2163.1,1681903799999,14795.0793,52,408.3,2793.7442,0,2.5039
1681903800000,6.829,6.862,6.829,6.861,5504.6,1681904099999,37687.6181,277,2578.6,17664.265,0,2.5211
1681904100000,6.861,6.877,6.84,6.874,1696.8,1681904399999,11638.9915,120,941.3,6462.6602,0,2.4904
1681904400000,6.875,6.877,6.865,6.87,1803.7,1681904699999,12396.2122,82,971.4,6675.0171,0,2.5137
1681904700000,6.869,6.876,6.849,6.868,2740.1,1681904999999,18812.3644,258,2124.1,14587.0796,0,2.5026
1681905000000,6.868,6.885,6.865,6.885,5671.2,1681905299999,39012.5275,478,4997.1,34378.2365,0,2.4638
1681905300000,6.885,6.937,6.884,6.927,6438.0,1681905599999,44474.9273,515,4519.1,31235.4809,0,2.4364
1681905600000,6.929,6.929,6.821,6.849,26360.2,1681905899999,180876.2421,1430,12932.5,88723.3717,0,2.2531
1681905900000,6.849,6.854,6.82,6.82,8282.9,1681906199999,56643.8539,491,1647.4,11273.8438,0,2.5524
1681906200000,6.824,6.844,6.824,6.835,4498.9,1681906499999,30764.4654,290,1629.6,11142.2283,0,2.5817
1681906500000,6.84,6.842,6.824,6.827,2033.7,1681906799999,13895.2859,139,914.7,6250.8001,0,2.5984
1681906800000,6.825,6.839,6.82,6.823,2696.0,1681907099999,18404.9499,191,1064.9,7271.4403,0,2.6245
1681907100000,6.823,6.845,6.816,6.826,4311.8,1681907399999,29431.1762,433,2081.5,14211.8243,0,2.659
1681907400000,6.827,6.847,6.812,6.813,3342.3,1681907699999,22831.1386,175,1030.5,7045.0366,0,2.667
1681907700000,6.814,6.88,6.814,6.868,7642.8,1681907999999,52338.7638,964,5634.3,38589.8857,0,2.667
1681908000000,6.869,6.873,6.85,6.869,7618.9,1681908299999,52291.9581,594,4366.1,29983.6698,0,2.5587
1681908300000,6.865,6.923,6.858,6.899,12687.3,1681908599999,87377.6668,593,10759.6,74107.4777,0,2.5112
1681908600000,6.898,6.906,6.882,6.891,9260.3,1681908899999,63842.0922,588,4749.6,32756.7554,0,2.2873
1681908900000,6.891,6.891,6.857,6.878,8355.9,1681909199999,57478.1889,527,3091.2,21273.1723,0,2.2468
1681909200000,6.879,6.879,6.839,6.843,4639.0,1681909499999,31802.3486,348,2023.0,13873.3812,0,2.3864
1681909500000,6.843,6.859,6.824,6.851,5085.3,1681909799999,34774.1189,398,1065.1,7289.4698,0,2.4495
1681909800000,6.851,6.862,6.839,6.85,4237.5,1681910099999,29035.157,448,2114.4,14490.7919,0,2.5298
1681910100000,6.85,6.867,6.837,6.858,2986.5,1681910399999,20455.69,321,1765.5,12093.4662,0,2.5587
1681910400000,6.861,6.874,6.861,6.874,2654.1,1681910699999,18217.4111,109,856.3,5880.3764,0,2.5436
1681910700000,6.874,6.874,6.841,6.864,3867.6,1681910999999,26492.1881,225,1691.5,11586.6625,0,2.5423
1681911000000,6.864,6.876,6.86,6.872,3841.3,1681911299999,26370.7884,135,3120.1,21421.7943,0,2.5373
1681911300000,6.871,6.872,6.862,6.863,1353.3,1681911599999,9289.8057,83,163.3,1121.0939,0,2.5125
1681911600000,6.861,6.861,6.838,6.85,2884.7,1681911899999,19757.2029,166,1813.4,12419.657,0,2.5511
1681911900000,6.846,6.868,6.846,6.856,1628.8,1681912199999,11169.0613,98,701.1,4806.0368,0,2.499
1681912200000,6.862,6.876,6.862,6.872,2569.3,1681912499999,17653.0761,157,1142.5,7849.7457,0,2.5323
1681912500000,6.867,6.867,6.854,6.867,3328.0,1681912799999,22840.6749,179,1942.1,13332.7088,0,2.5461
1681912800000,6.868,6.9,6.861,6.898,5752.7,1681913099999,39537.354,191,3850.9,26468.758,0,2.5348
1681913100000,6.899,6.921,6.886,6.92,2972.7,1681913399999,20506.3635,190,1810.7,12493.6429,0,2.5587
1681913400000,6.92,6.936,6.904,6.924,5434.2,1681913699999,37609.9119,367,2253.2,15594.8963,0,2.6101
1681913700000,6.925,6.948,6.889,6.919,5129.8,1681913999999,35437.8246,256,2561.2,17701.3092,0,2.6417
1681914000000,6.919,6.919,6.878,6.884,3040.3,1681914299999,20960.2767,173,1360.3,9376.8237,0,2.6245
1681914300000,6.885,6.903,6.879,6.895,1899.7,1681914599999,13088.3473,131,1347.8,9288.0655,0,2.6127
1681914600000,6.895,6.895,6.879,6.883,2342.0,1681914899999,16122.8559,107,722.3,4972.4465,0,2.6298
1681914900000,6.885,6.919,6.885,6.918,2877.6,1681915199999,19859.672,263,992.2,6849.8601,0,2.6603
1681915200000,6.917,6.938,6.907,6.924,4941.2,1681915499999,34212.6074,325,3466.6,24007.2699,0,2.6617
1681915500000,6.924,6.924,6.895,6.914,3704.4,1681915799999,25593.2134,187,2030.0,14029.6376,0,2.6232
1681915800000,6.914,6.914,6.877,6.879,3227.5,1681916099999,22232.8229,143,524.4,3613.3449,0,2.6364
1681916100000,6.879,6.896,6.879,6.892,1694.0,1681916399999,11667.2042,86,1213.5,8359.0781,0,2.6805
1681916400000,6.893,6.897,6.877,6.882,4893.2,1681916699999,33694.9316,177,2935.8,20216.3391,0,2.6657
1681916700000,6.879,6.883,6.865,6.872,3685.5,1681916999999,25335.9251,127,2804.2,19281.0124,0,2.6166
1681917000000,6.867,6.874,6.852,6.853,2878.3,1681917299999,19751.588,215,898.2,6164.0028,0,2.5714
1681917300000,6.855,6.877,6.855,6.877,3900.2,1681917599999,26759.0707,116,1922.3,13192.9414,0,2.5676
1681917600000,6.877,6.881,6.857,6.874,3086.8,1681917899999,21207.9245,115,1139.6,7830.961,0,2.5651
1681917900000,6.868,6.868,6.838,6.847,2567.9,1681918199999,17608.2462,143,908.8,6236.6052,0,2.5689
1681918200000,6.847,6.861,6.811,6.811,4193.6,1681918499999,28646.3522,187,1097.9,7504.2531,0,2.5868
1681918500000,6.812,6.836,6.812,6.831,3492.8,1681918799999,23853.7085,116,1300.5,8876.4963,0,2.5791
1681918800000,6.831,6.837,6.831,6.836,753.6,1681919099999,5150.9052,23,277.9,1899.7154,0,2.5958
1681919100000,6.835,6.84,6.835,6.836,5543.3,1681919399999,37892.7588,111,3482.6,23807.5847,0,2.5984
1681919400000,6.836,6.846,6.835,6.846,2951.9,1681919699999,20182.3589,108,1696.5,11600.2203,0,2.5727
1681919700000,6.852,6.855,6.841,6.842,2847.2,1681919999999,19501.1408,90,1038.0,7106.5688,0,2.5663
1681920000000,6.842,6.842,6.764,6.771,15006.2,1681920299999,102085.51,674,4258.3,29006.2303,0,2.5461
1681920300000,6.771,6.804,6.767,6.78,3607.0,1681920599999,24502.7146,168,1421.8,9660.4554,0,2.6062
1681920600000,6.785,6.803,6.785,6.797,3434.8,1681920899999,23344.0962,226,1544.8,10500.9198,0,2.6738
1681920900000,6.798,6.82,6.797,6.806,2609.3,1681921199999,17762.76,208,1218.4,8299.6652,0,2.7051
1681921200000,6.806,6.806,6.804,6.806,1627.2,1681921499999,11073.2696,74,885.0,6022.9701,0,2.7397
1681921500000,6.806,6.811,6.801,6.805,1535.4,1681921799999,10447.8657,107,618.9,4211.3461,0,2.7481
1681921800000,6.806,6.809,6.801,6.801,1246.8,1681922099999,8482.5303,125,426.2,2899.9966,0,2.7622
1681922100000,6.802,6.812,6.802,6.806,1541.1,1681922399999,10490.4027,117,699.3,4760.2013,0,2.7764
1681922400000,6.807,6.808,6.805,6.806,877.0,1681922699999,5969.1197,65,226.1,1539.0877,0,2.7908
1681922700000,6.806,6.806,6.778,6.778,1543.0,1681922999999,10481.5436,80,818.0,5552.7233,0,2.7836
1681923000000,6.778,6.778,6.762,6.777,2991.2,1681923299999,20248.3958,124,1601.3,10845.2659,0,2.7636
1681923300000,6.777,6.777,6.77,6.777,1125.5,1681923599999,7625.3301,52,865.8,5866.3386,0,2.7189
1681923600000,6.777,6.777,6.77,6.77,1682.4,1681923899999,11396.4229,81,526.9,3569.9071,0,2.7383
1681923900000,6.77,6.771,6.759,6.759,2758.5,1681924199999,18668.742,85,1020.8,6910.1075,0,2.7355
1681924200000,6.759,6.763,6.759,6.759,390.2,1681924499999,2638.2145,46,195.6,1322.6566,0,2.7286
1681924500000,6.76,6.76,6.736,6.746,3773.3,1681924799999,25464.9875,145,1171.4,7906.6651,0,2.7286
1681924800000,6.736,6.738,6.706,6.722,8496.0,1681925099999,57090.8691,263,4029.5,27084.5671,0,2.7216
1681925100000,6.714,6.725,6.708,6.717,2871.3,1681925399999,19284.3075,124,989.0,6645.6105,0,2.6617
1681925400000,6.717,6.73,6.716,6.727,3677.6,1681925699999,24726.0904,254,1989.9,13380.0255,0,2.6364
1681925700000,6.726,6.733,6.723,6.724,1557.5,1681925999999,10478.6758,156,566.3,3810.6138,0,2.6101
1681926000000,6.724,6.725,6.696,6.7,3483.3,1681926299999,23372.3874,261,1355.1,9097.3668,0,2.5907
1681926300000,6.699,6.735,6.699,6.733,13800.7,1681926599999,92710.3728,254,7428.9,49888.5763,0,2.5689
1681926600000,6.734,6.735,6.733,6.735,762.0,1681926899999,5130.9311,55,276.9,1864.7528,0,2.6062
1681926900000,6.736,6.745,6.736,6.745,1285.0,1681927199999,8663.0635,62,817.8,5513.592,0,2.56
1681927200000,6.745,6.766,6.745,6.765,5899.0,1681927499999,39860.7104,221,3776.0,25516.5018,0,2.6166
1681927500000,6.764,6.766,6.76,6.76,2097.0,1681927799999,14185.9769,110,99.9,675.8635,0,2.7272
1681927800000,6.76,6.765,6.739,6.75,5745.4,1681928099999,38809.3292,190,4039.3,27286.7451,0,2.7037
1681928100000,6.749,6.763,6.747,6.754,957.1,1681928399999,6465.8741,80,293.6,1982.7825,0,2.6114
1681928400000,6.753,6.753,6.725,6.729,2076.6,1681928699999,13980.1959,145,1164.8,7840.4202,0,2.6377
1681928700000,6.729,6.737,6.72,6.72,913.6,1681928999999,6145.2069,37,126.1,848.4668,0,2.6403
1681929000000,6.721,6.721,6.704,6.704,1228.4,1681929299999,8241.8274,87,511.5,3432.7006,0,2.647
1681929300000,6.703,6.703,6.68,6.69,1911.8,1681929599999,12782.0876,94,479.1,3206.6222,0,2.6846
1681929600000,6.691,6.695,6.682,6.695,2924.7,1681929899999,19560.5227,128,1209.1,8090.3945,0,2.6982
1681929900000,6.695,6.696,6.685,6.691,1039.7,1681930199999,6956.0845,71,337.5,2257.89,0,2.6778
1681930200000,6.691,6.703,6.684,6.69,2785.9,1681930499999,18645.6863,99,602.6,4035.506,0,2.6832
1681930500000,6.693,6.693,6.67,6.692,2059.8,1681930799999,13766.0208,99,567.8,3794.2606,0,2.7244
1681930800000,6.692,6.697,6.681,6.686,4853.8,1681931099999,32471.7718,218,2714.3,18160.586,0,2.6914
1681931100000,6.686,6.693,6.686,6.692,728.3,1681931399999,4873.0112,89,310.8,2079.8637,0,2.5907
1681931400000,6.692,6.718,6.692,6.718,1713.9,1681931699999,11484.3662,88,1307.6,8761.23,0,2.6166
1681931700000,6.718,6.72,6.708,6.716,674.5,1681931999999,4529.3188,61,157.8,1059.9009,0,2.6193
1681932000000,6.717,6.739,6.714,6.739,2072.8,1681932299999,13948.7893,94,1724.9,11611.1718,0,2.6483
1681932300000,6.74,6.742,6.739,6.741,317.2,1681932599999,2138.1125,27,272.9,1839.5283,0,2.6101
1681932600000,6.742,6.742,6.722,6.727,2898.9,1681932899999,19519.7633,142,1420.4,9564.988,0,2.6377
1681932900000,6.726,6.727,6.719,6.727,210.6,1681933199999,1416.5649,15,197.2,1326.4869,0,2.6166
1681933200000,6.726,6.726,6.705,6.716,1056.7,1681933499999,7090.767,65,701.1,4703.3011,0,2.6258
1681933500000,6.713,6.713,6.685,6.699,3227.3,1681933799999,21608.1608,159,1124.8,7535.7322,0,2.6819
1681933800000,6.698,6.704,6.685,6.704,4140.3,1681934099999,27711.3499,110,2131.4,14269.8567,0,2.655
1681934100000,6.703,6.704,6.692,6.692,923.8,1681934399999,6190.832,39,81.0,542.7291,0,2.6496
1681934400000,6.693,6.722,6.693,6.714,6315.0,1681934699999,42386.5996,244,3754.9,25200.7491,0,2.667
1681934700000,6.714,6.721,6.698,6.721,7406.9,1681934999999,49727.8509,183,4338.7,29133.1863,0,2.6075
1681935000000,6.721,6.733,6.721,6.732,1061.8,1681935299999,7143.6415,73,436.8,2938.6896,0,2.6324
1681935300000,6.732,6.732,6.731,6.731,892.1,1681935599999,6004.8656,30,140.5,945.846,0,2.639
1681935600000,6.731,6.732,6.717,6.718,2856.8,1681935899999,19220.676,86,1525.4,10259.5768,0,2.6563
1681935900000,6.717,6.718,6.702,6.715,1252.9,1681936199999,8405.1453,85,761.5,5107.1891,0,2.6166
1681936200000,6.714,6.716,6.706,6.714,1495.2,1681936499999,10036.479,260,1132.3,7600.7206,0,2.5868
1681936500000,6.713,6.714,6.699,6.705,1766.1,1681936799999,11848.8052,138,821.7,5513.6826,0,2.5714
1681936800000,6.705,6.75,6.693,6.739,9356.2,1681937099999,62926.1288,311,8156.8,54890.2734,0,2.643
1681937100000,6.738,6.743,6.715,6.722,3370.2,1681937399999,22695.5022,227,2257.7,15207.3536,0,2.6023
1681937400000,6.721,6.74,6.719,6.735,1280.2,1681937699999,8614.0046,119,893.3,6010.9685,0,2.5373
1681937700000,6.736,6.759,6.735,6.75,2162.6,1681937999999,14585.0445,189,1592.9,10742.2781,0,2.5026
1681938000000,6.75,6.75,6.717,6.721,4627.9,1681938299999,31117.6886,257,2425.9,16306.6698,0,2.5112
1681938300000,6.722,6.722,6.697,6.698,5634.3,1681938599999,37792.2845,138,2018.7,13542.1994,0,2.5907
1681938600000,6.698,6.698,6.681,6.69,4241.9,1681938899999,28390.6286,99,1151.6,7708.4464,0,2.5984
1681938900000,6.69,6.697,6.648,6.671,5846.6,1681939199999,39016.0924,264,3176.8,21197.0044,0,2.6245
1681939200000,6.67,6.67,6.591,6.641,8683.9,1681939499999,57522.843,301,3650.4,24131.0499,0,2.5958
1681939500000,6.64,6.657,6.633,6.644,7118.6,1681939799999,47305.5831,282,2143.7,14253.5657,0,2.639
1681939800000,6.645,6.653,6.606,6.638,9749.2,1681940099999,64646.1769,515,2157.8,14321.6814,0,2.6179
1681940100000,6.639,6.676,6.639,6.645,7838.2,1681940399999,52171.1324,308,4022.0,26774.5516,0,2.5958
1681940400000,6.645,6.661,6.645,6.654,4259.0,1681940699999,28339.4995,232,1185.8,7889.1983,0,2.6049
1681940700000,6.655,6.696,6.655,6.694,2547.7,1681940999999,17006.6693,213,1403.5,9363.6593,0,2.6114
1681941000000,6.695,6.717,6.695,6.717,1194.7,1681941299999,8015.7841,102,581.2,3898.9629,0,2.5894
1681941300000,6.717,6.718,6.714,6.714,1622.4,1681941599999,10896.5432,109,169.7,1140.011,0,2.5855
1681941600000,6.715,6.721,6.715,6.721,3917.0,1681941899999,26310.7892,210,2008.3,13489.8766,0,2.5881
1681941900000,6.723,6.731,6.715,6.716,2296.1,1681942199999,15437.3409,128,440.4,2961.5821,0,2.6563
1681942200000,6.717,6.768,6.717,6.725,9056.6,1681942499999,61064.299,364,5727.9,38629.9425,0,2.6778
1681942500000,6.725,6.741,6.695,6.711,6216.5,1681942799999,41770.202,378,2066.8,13890.1364,0,2.5791
1681942800000,6.711,6.712,6.694,6.705,3798.7,1681943099999,25453.4513,225,1859.7,12461.854,0,2.574
1681943100000,6.7,6.7,6.682,6.684,1908.5,1681943399999,12766.7424,99,976.0,6531.3014,0,2.5984
1681943400000,6.682,6.685,6.671,6.685,4637.8,1681943699999,30961.9357,167,2222.0,14833.3834,0,2.5881
1681943700000,6.684,6.687,6.674,6.687,1156.0,1681943999999,7722.8614,87,598.3,3995.5508,0,2.6684
1681944000000,6.687,6.706,6.687,6.705,1992.4,1681944299999,13337.2531,141,974.4,6521.6888,0,2.659
1681944300000,6.705,6.706,6.668,6.679,4664.6,1681944599999,31215.5299,175,290.2,1946.0812,0,2.651
1681944600000,6.678,6.701,6.678,6.696,3049.3,1681944899999,20398.3933,271,1997.6,13359.8231,0,2.6928
1681944900000,6.696,6.697,6.688,6.688,1794.3,1681945199999,12008.9902,61,546.9,3658.5943,0,2.6873
1681945200000,6.688,6.688,6.661,6.665,2512.3,1681945499999,16785.661,98,1086.5,7262.9975,0,2.6364
1681945500000,6.664,6.67,6.643,6.661,4267.6,1681945799999,28412.4917,167,2196.5,14627.8533,0,2.6206
1681945800000,6.652,6.652,6.629,6.651,3884.4,1681946099999,25796.5203,278,2974.8,19754.223,0,2.5587
1681946100000,6.65,6.65,6.602,6.614,9410.4,1681946399999,62329.4134,422,1780.0,11789.0301,0,2.5273
1681946400000,6.613,6.613,6.45,6.547,27859.2,1681946699999,182000.213,1152,9955.5,65108.5059,0,2.5286
1681946700000,6.55,6.581,6.55,6.573,9032.6,1681946999999,59391.5384,430,4826.6,31732.0818,0,2.6127
1681947000000,6.573,6.639,6.573,6.631,15617.0,1681947299999,103304.7397,620,9395.8,62127.1457,0,2.592
1681947300000,6.63,6.658,6.62,6.651,5262.4,1681947599999,34916.1327,503,3768.0,25005.5176,0,2.319
1681947600000,6.654,6.657,6.632,6.657,3693.6,1681947899999,24548.3863,360,1956.5,13007.288,0,2.2712
1681947900000,6.657,6.675,6.654,6.675,1700.6,1681948199999,11337.9664,220,972.1,6481.5602,0,2.2616
1681948200000,6.674,6.677,6.666,6.671,623.8,1681948499999,4161.1786,41,483.0,3221.9141,0,2.3069
1681948500000,6.672,6.693,6.672,6.681,3082.5,1681948799999,20602.1037,184,1473.6,9848.0675,0,2.2938
1681948800000,6.686,6.686,6.611,6.611,15886.9,1681949099999,105287.5861,698,6923.4,45855.805,0,2.308
1681949100000,6.612,6.627,6.592,6.596,11358.7,1681949399999,75039.8301,679,3557.2,23501.445,0,2.6298
1681949400000,6.594,6.62,6.56,6.571,13124.1,1681949699999,86440.1424,727,4689.5,30909.3842,0,2.7133
1681949700000,6.57,6.633,6.57,6.619,12801.3,1681949999999,84677.441,594,6800.6,44962.9425,0,2.7313
1681950000000,6.624,6.646,6.623,6.645,2495.9,1681950299999,16555.8971,140,1362.3,9036.9095,0,2.6832
1681950300000,6.644,6.663,6.633,6.659,2259.8,1681950599999,15010.351,114,1041.8,6924.2615,0,2.7286
1681950600000,6.66,6.821,6.66,6.685,26383.1,1681950899999,177211.9488,1227,16556.9,111254.6266,0,2.7064
1681950900000,6.692,6.739,6.677,6.724,11471.5,1681951199999,76903.4688,608,7968.7,53463.0254,0,2.5881
1681951200000,6.727,6.74,6.668,6.734,17330.5,1681951499999,116087.04,922,11854.0,79414.2625,0,2.3322
1681951500000,6.734,6.734,6.684,6.692,7276.5,1681951799999,48807.5089,446,2285.7,15346.8007,0,2.3069
1681951800000,6.693,6.706,6.693,6.697,4675.5,1681952099999,31316.9905,337,1170.6,7844.352,0,2.4686
1681952100000,6.7,6.714,6.698,6.708,2345.4,1681952399999,15727.4831,216,1177.1,7892.6419,0,2.4831
1681952400000,6.705,6.715,6.703,6.711,3187.8,1681952699999,21392.9114,175,935.3,6277.179,0,2.4734
1681952700000,6.711,6.717,6.668,6.675,5412.5,1681952999999,36233.1715,253,1035.4,6943.6927,0,2.4566
1681953000000,6.675,6.677,6.658,6.676,2556.6,1681953299999,17051.0851,196,681.3,4545.4998,0,2.5051
1681953300000,6.677,6.69,6.67,6.677,3286.9,1681953599999,21951.7349,270,1594.0,10645.8392,0,2.5436
1681953600000,6.682,6.697,6.654,6.654,4701.1,1681953899999,31370.8756,292,810.2,5416.6666,0,2.5984
1681953900000,6.66,6.672,6.658,6.663,1050.7,1681954199999,7001.4735,87,596.1,3972.5468,0,2.5932
1681954200000,6.658,6.69,6.658,6.681,1693.3,1681954499999,11296.195,187,1022.2,6817.6982,0,2.5971
1681954500000,6.681,6.707,6.681,6.705,2301.2,1681954799999,15407.3497,192,1735.1,11620.7575,0,2.6114
1681954800000,6.704,6.711,6.698,6.704,2272.7,1681955099999,15237.571,136,1441.2,9664.3855,0,2.639
1681955100000,6.703,6.744,6.702,6.724,13825.7,1681955399999,92999.6896,562,7325.2,49285.1325,0,2.655
1681955400000,6.721,6.751,6.718,6.738,4675.3,1681955699999,31477.8096,329,4051.4,27280.6234,0,2.4602
1681955700000,6.738,6.747,6.695,6.737,13998.7,1681955999999,94160.5945,797,6329.2,42595.6202,0,2.3278
1681956000000,6.737,6.742,6.72,6.728,3099.1,1681956299999,20870.1609,335,1837.1,12375.5598,0,2.2949
1681956300000,6.728,6.728,6.704,6.712,2651.2,1681956599999,17797.2399,131,798.2,5357.6975,0,2.3467
1681956600000,6.711,6.711,6.672,6.68,4772.5,1681956899999,31924.9604,327,1702.5,11389.6875,0,2.4674
1681956900000,6.68,6.691,6.673,6.674,4006.1,1681957199999,26746.5894,332,1151.6,7692.296,0,2.5461
1681957200000,6.674,6.695,6.647,6.664,11604.9,1681957499999,77396.5875,569,5298.5,35370.7472,0,2.592
1681957500000,6.664,6.677,6.657,6.663,3179.6,1681957799999,21195.1812,129,1677.6,11181.9799,0,2.5971
1681957800000,6.664,6.679,6.656,6.656,4186.0,1681958099999,27930.2352,233,1532.7,10228.9696,0,2.643
1681958100000,6.656,6.66,6.61,6.625,5373.2,1681958399999,35633.9349,235,1111.2,7385.8988,0,2.655
1681958400000,6.625,6.638,6.619,6.619,2749.8,1681958699999,18238.1916,115,1105.0,7325.3122,0,2.6443
1681958700000,6.619,6.624,6.607,6.609,2683.7,1681958999999,17756.3113,129,2089.2,13825.7486,0,2.6536
1681959000000,6.609,6.635,6.605,6.621,1611.4,1681959299999,10668.2583,85,922.1,6101.3544,0,2.6271
1681959300000,6.621,6.622,6.597,6.603,1009.5,1681959599999,6664.5625,65,172.5,1139.063,0,2.6443
1681959600000,6.598,6.598,6.568,6.568,7092.1,1681959899999,46683.7186,267,3187.9,20986.1226,0,2.6403
1681959900000,6.568,6.568,6.525,6.554,5483.5,1681960199999,35886.6743,283,2905.4,19013.9961,0,2.6036
1681960200000,6.553,6.605,6.553,6.605,2883.2,1681960499999,18995.4463,184,2108.1,13888.2879,0,2.5411
1681960500000,6.605,6.621,6.604,6.614,1978.1,1681960799999,13074.678,93,1122.0,7415.8677,0,2.5461
1681960800000,6.619,6.637,6.616,6.624,2168.8,1681961099999,14376.261,140,1262.2,8368.2138,0,2.5638
1681961100000,6.625,6.642,6.624,6.629,3886.9,1681961399999,25778.5539,165,1182.5,7846.3773,0,2.6232
1681961400000,6.629,6.646,6.629,6.639,2153.5,1681961699999,14292.9383,150,1429.6,9487.7949,0,2.6311
1681961700000,6.638,6.649,6.623,6.623,3406.5,1681961999999,22606.5817,123,2264.0,15030.098,0,2.5997
1681962000000,6.623,6.651,6.623,6.643,2340.0,1681962299999,15544.9884,104,1997.3,13269.9043,0,2.6088
1681962300000,6.646,6.673,6.646,6.656,3394.6,1681962599999,22617.6075,174,1147.7,7645.6701,0,2.5778
1681962600000,6.658,6.667,6.651,6.66,1271.6,1681962899999,8471.036,54,168.0,1119.6068,0,2.5511
1681962900000,6.661,6.675,6.661,6.674,1190.3,1681963199999,7940.5011,97,700.9,4674.802,0,2.6088
1681963200000,6.674,6.679,6.674,6.679,3109.6,1681963499999,20755.2814,73,1547.0,10326.489,0,2.5524
1681963500000,6.678,6.696,6.675,6.682,2083.2,1681963799999,13919.8299,109,1094.5,7314.0131,0,2.5575
1681963800000,6.683,6.688,6.682,6.683,956.5,1681964099999,6393.3386,47,326.1,2180.2401,0,2.574
1681964100000,6.683,6.684,6.671,6.68,1989.2,1681964399999,13286.3142,88,1404.6,9383.6241,0,2.5689
1681964400000,6.68,6.728,6.674,6.705,9015.6,1681964699999,60416.8989,369,7622.6,51084.6175,0,2.5211
1681964700000,6.705,6.754,6.705,6.743,7504.4,1681964999999,50517.979,500,4781.0,32190.5409,0,2.3367
1681965000000,6.74,6.74,6.713,6.72,4993.7,1681965299999,33581.51,438,2764.3,18591.3339,0,2.2906
1681965300000,6.721,6.722,6.713,6.715,611.8,1681965599999,4110.8746,85,412.2,2770.0999,0,2.2971
1681965600000,6.715,6.72,6.711,6.717,445.6,1681965899999,2992.1538,43,271.3,1821.9264,0,2.2916
1681965900000,6.721,6.738,6.714,6.714,2145.9,1681966199999,14429.6441,136,861.5,5796.3578,0,2.2916
1681966200000,6.721,6.73,6.721,6.722,3669.6,1681966499999,24677.1515,105,1235.2,8306.9697,0,2.3456
1681966500000,6.723,6.728,6.693,6.693,3096.3,1681966799999,20784.5126,135,1242.8,8351.1837,0,2.3367
1681966800000,6.695,6.747,6.693,6.743,3358.8,1681967099999,22603.5943,209,2253.2,15158.8384,0,2.3267
1681967100000,6.743,6.743,6.725,6.733,2161.5,1681967399999,14561.6164,52,675.0,4543.4285,0,2.3422
1681967400000,6.733,6.733,6.72,6.726,1138.7,1681967699999,7658.4791,57,642.4,4319.6765,0,2.308
1681967700000,6.727,6.742,6.702,6.741,6183.3,1681967999999,41555.7111,278,3324.5,22363.6012,0,2.3201
1681968000000,6.741,6.741,6.701,6.711,3940.7,1681968299999,26463.6068,202,2407.4,16155.7866,0,2.3201
1681968300000,6.711,6.731,6.711,6.719,986.1,1681968599999,6625.9478,87,780.0,5240.5023,0,2.2873
1681968600000,6.719,6.738,6.698,6.704,9068.5,1681968899999,60900.3841,226,1495.7,10058.7589,0,2.2852
1681968900000,6.704,6.708,6.673,6.682,4556.7,1681969199999,30471.3859,247,1707.2,11425.2279,0,2.3256
1681969200000,6.683,6.687,6.677,6.677,2631.9,1681969499999,17586.1726,60,826.7,5523.2362,0,2.3456
1681969500000,6.673,6.674,6.667,6.667,1627.2,1681969799999,10854.2239,87,1075.0,7171.8616,0,2.3829
1681969800000,6.667,6.673,6.667,6.672,1028.0,1681970099999,6857.9064,29,967.3,6453.1599,0,2.3557
1681970100000,6.672,6.694,6.672,6.681,1998.3,1681970399999,13354.8734,103,1101.0,7357.3879,0,2.3557
1681970400000,6.682,6.721,6.682,6.709,9413.1,1681970699999,63096.4762,425,4754.8,31863.793,0,2.3761
1681970700000,6.709,6.717,6.697,6.716,4234.6,1681970999999,28411.2173,399,1537.1,10317.1716,0,2.4626
1681971000000,6.715,6.723,6.693,6.701,5915.8,1681971299999,39670.8464,336,2055.0,13789.169,0,2.5474
1681971300000,6.701,6.712,6.7,6.7,5778.7,1681971599999,38742.7171,403,1428.8,9581.9898,0,2.659
1681971600000,6.704,6.707,6.687,6.695,5196.5,1681971899999,34797.9669,395,946.7,6344.4205,0,2.8285
1681971900000,6.697,6.701,6.691,6.691,2805.2,1681972199999,18774.8842,227,976.8,6538.4212,0,2.8986
1681972200000,6.691,6.701,6.682,6.685,4094.9,1681972499999,27392.3601,238,2773.5,18553.3068,0,2.9277
1681972500000,6.685,6.686,6.672,6.674,3647.5,1681972799999,24362.6789,171,1697.4,11339.2728,0,2.8895
1681972800000,6.674,6.68,6.671,6.672,1428.2,1681973099999,9533.1496,84,577.5,3854.982,0,2.867
1681973100000,6.672,6.678,6.652,6.674,9009.2,1681973399999,60028.7073,266,2710.8,18084.1669,0,2.888
1681973400000,6.674,6.674,6.657,6.665,2864.1,1681973699999,19084.3742,219,1644.9,10959.424,0,2.9698
1681973700000,6.665,6.688,6.665,6.682,2830.7,1681973999999,18896.2734,226,1565.2,10447.9696,0,2.9809
1681974000000,6.683,6.683,6.654,6.661,5260.0,1681974299999,35047.1675,219,2283.0,15204.8469,0,2.9857
1681974300000,6.664,6.669,6.661,6.663,1678.9,1681974599999,11190.7106,119,1172.8,7818.6998,0,3.0145
1681974600000,6.663,6.663,6.653,6.653,1833.9,1681974899999,12211.1897,99,1107.8,7377.055,0,3.0064
1681974900000,6.655,6.658,6.652,6.656,1751.2,1681975199999,11656.0704,88,1159.8,7720.1567,0,3.0112
1681975200000,6.655,6.658,6.65,6.65,1007.8,1681975499999,6704.0185,57,204.2,1358.4917,0,3.0145
1681975500000,6.65,6.65,6.645,6.646,3324.3,1681975799999,22097.1629,119,550.0,3655.3044,0,3.0355
1681975800000,6.645,6.647,6.619,6.645,6406.1,1681976099999,42504.4624,288,2841.7,18871.5584,0,3.0209
1681976100000,6.645,6.65,6.633,6.641,3353.7,1681976399999,22281.9044,142,2356.8,15662.6487,0,2.962
1681976400000,6.64,6.653,6.637,6.639,2083.7,1681976699999,13840.3211,110,1570.5,10431.6593,0,2.9761
1681976700000,6.639,6.642,6.622,6.635,4392.8,1681976999999,29139.61,192,2297.9,15248.8372,0,2.9714
1681977000000,6.637,6.651,6.636,6.651,2013.4,1681977299999,13375.1887,64,1390.9,9237.345,0,2.9078
1681977300000,6.65,6.65,6.625,6.64,2686.3,1681977599999,17843.7862,82,1373.1,9120.9053,0,2.9417
1681977600000,6.635,6.643,6.621,6.642,6720.3,1681977899999,44554.4703,323,3999.8,26522.3569,0,2.9683
1681977900000,6.639,6.654,6.636,6.64,3429.7,1681978199999,22785.7679,158,2246.6,14929.1677,0,3.0
1681978200000,6.64,6.661,6.639,6.661,4616.2,1681978499999,30728.032,115,3354.8,22339.9004,0,2.9857
1681978500000,6.661,6.698,6.661,6.69,6117.9,1681978799999,40893.2718,358,2494.1,16676.2333,0,2.9777
1681978800000,6.69,6.699,6.682,6.696,4303.3,1681979099999,28779.9678,208,840.5,5625.9463,0,2.9604
1681979100000,6.696,6.711,6.691,6.691,5417.8,1681979399999,36302.2509,178,3387.6,22713.347,0,3.0161
1681979400000,6.698,6.721,6.684,6.686,9305.5,1681979699999,62366.9335,335,2215.7,14855.3152,0,2.951
1681979700000,6.692,6.692,6.649,6.667,5395.6,1681979999999,36003.2518,202,1936.8,12924.713,0,2.992
1681980000000,6.661,6.665,6.653,6.659,1953.9,1681980299999,13010.3605,73,1170.6,7795.5624,0,2.9857
1681980300000,6.659,6.674,6.659,6.669,1944.4,1681980599999,12959.9092,92,1446.6,9640.5955,0,3.0048
1681980600000,6.669,6.67,6.664,6.669,1363.2,1681980899999,9088.983,41,724.3,4829.0974,0,3.0048
1681980900000,6.67,6.673,6.642,6.656,3552.9,1681981199999,23657.701,154,719.4,4791.5412,0,2.992
1681981200000,6.651,6.653,6.619,6.635,6028.8,1681981499999,40013.4844,320,2014.8,13373.9697,0,3.0274
1681981500000,6.636,6.651,6.636,6.646,981.2,1681981799999,6519.3617,120,412.2,2738.5098,0,3.0584
1681981800000,6.645,6.661,6.641,6.648,3406.1,1681982099999,22657.4893,236,2064.7,13740.4241,0,3.0917
1681982100000,6.647,6.655,6.639,6.649,2089.4,1681982399999,13887.0368,170,1588.4,10557.1454,0,3.0933
1681982400000,6.649,6.693,6.649,6.681,8696.0,1681982699999,58093.7248,283,7680.4,51311.2007,0,3.0209
1681982700000,6.681,6.681,6.661,6.671,1587.1,1681982999999,10582.9888,102,330.4,2203.1981,0,2.9417
1681983000000,6.672,6.687,6.668,6.686,1863.3,1681983299999,12445.4247,139,881.7,5888.5064,0,2.9479
1681983300000,6.687,6.693,6.685,6.693,895.9,1681983599999,5993.6313,131,381.2,2550.0475,0,2.9124
1681983600000,6.693,6.696,6.691,6.695,1450.2,1681983899999,9706.5812,55,668.3,4473.0805,0,2.9355
1681983900000,6.695,6.695,6.668,6.672,5738.9,1681984199999,38335.2171,207,743.1,4966.7132,0,2.9386
1681984200000,6.671,6.675,6.668,6.672,775.2,1681984499999,5171.7525,58,472.8,3154.5242,0,2.9541
1681984500000,6.672,6.672,6.645,6.659,2927.1,1681984799999,19497.863,142,943.5,6283.9605,0,3.0193
1681984800000,6.66,6.678,6.656,6.673,1438.7,1681985099999,9595.6394,131,1007.0,6716.8948,0,3.0371
1681985100000,6.674,6.696,6.674,6.691,3883.7,1681985399999,25990.2785,118,1210.7,8095.1885,0,3.0128
1681985400000,6.69,6.69,6.659,6.659,2004.9,1681985699999,13372.5458,82,782.5,5218.6432,0,2.973
1681985700000,6.659,6.692,6.646,6.674,7834.1,1681985999999,52224.9116,303,5860.3,39054.8235,0,2.973
1681986000000,6.673,6.673,6.654,6.657,1826.1,1681986299999,12166.2535,239,1198.9,7987.6298,0,2.888
1681986300000,6.657,6.664,6.653,6.661,4400.8,1681986599999,29305.1297,192,1504.9,10020.804,0,2.8358
1681986600000,6.66,6.668,6.638,6.652,6713.9,1681986899999,44665.546,411,3144.9,20920.1153,0,2.7764
1681986900000,6.652,6.665,6.651,6.665,1483.6,1681987199999,9875.5038,157,820.1,5459.8173,0,2.7383
1681987200000,6.664,6.686,6.664,6.681,1761.4,1681987499999,11751.5052,125,1287.2,8587.2482,0,2.7341
1681987500000,6.683,6.696,6.673,6.689,2411.8,1681987799999,16128.302,287,1821.2,12182.5556,0,2.6765
1681987800000,6.689,6.701,6.686,6.699,2097.2,1681988099999,14039.926,241,1353.2,9059.236,0,2.6153
1681988100000,6.699,6.699,6.684,6.691,3177.6,1681988399999,21263.1022,209,2086.6,13963.8346,0,2.5932
1681988400000,6.691,6.693,6.66,6.678,8705.1,1681988699999,58106.7696,340,4524.9,30201.5292,0,2.5842
1681988700000,6.678,6.678,6.66,6.661,1177.8,1681988999999,7853.1875,74,106.5,710.0133,0,2.5997
1681989000000,6.66,6.661,6.65,6.65,5001.7,1681989299999,33298.7012,76,156.7,1043.4827,0,2.614
1681989300000,6.65,6.661,6.64,6.645,2903.9,1681989599999,19303.1752,170,2459.2,16346.7925,0,2.5791
1681989600000,6.645,6.653,6.639,6.652,1317.7,1681989899999,8755.4987,86,807.0,5361.8445,0,2.5461
1681989900000,6.652,6.653,6.652,6.652,476.1,1681990199999,3167.0904,21,73.2,486.9996,0,2.5549
1681990200000,6.652,6.653,6.639,6.643,2928.6,1681990499999,19470.5683,122,748.6,4974.9627,0,2.5702
1681990500000,6.641,6.642,6.6,6.612,4624.7,1681990799999,30612.9852,279,519.6,3447.0772,0,2.6193
1681990800000,6.612,6.613,6.603,6.608,1531.4,1681991099999,10120.4889,65,703.0,4645.0241,0,2.6643
1681991100000,6.608,6.609,6.564,6.572,6782.4,1681991399999,44667.955,298,943.4,6214.2708,0,2.6805
1681991400000,6.571,6.586,6.559,6.572,6985.3,1681991699999,45913.7676,299,3419.8,22473.3484,0,2.7147
1681991700000,6.567,6.586,6.551,6.58,6088.9,1681991999999,39975.1724,212,4918.9,32295.4264,0,2.663
1681992000000,6.581,6.605,6.561,6.602,8825.2,1681992299999,58038.2695,326,4993.2,32831.1572,0,2.6603
1681992300000,6.602,6.631,6.601,6.625,3337.1,1681992599999,22087.0945,226,1766.4,11692.2447,0,2.6982
1681992600000,6.621,6.621,6.611,6.611,1956.5,1681992899999,12937.1262,137,647.5,4281.7521,0,2.7722
1681992900000,6.612,6.618,6.561,6.607,8372.3,1681993199999,55135.6302,291,4713.2,31020.3128,0,2.7879
1681993200000,6.607,6.665,6.607,6.66,4919.2,1681993499999,32632.7195,272,2192.0,14534.3075,0,2.7722
1681993500000,6.66,6.665,6.644,6.663,1834.0,1681993799999,12208.3316,178,458.1,3049.8312,0,2.8081
1681993800000,6.664,6.69,6.662,6.679,2703.6,1681994099999,18053.0451,154,970.2,6481.1433,0,2.8285
1681994100000,6.686,6.703,6.681,6.694,2274.5,1681994399999,15209.7317,166,1258.4,8416.1912,0,2.8241
1681994400000,6.695,6.708,6.684,6.688,3538.4,1681994699999,23702.3926,188,2144.7,14370.5593,0,2.8168
1681994700000,6.687,6.696,6.685,6.691,1495.8,1681994999999,10008.9032,133,626.2,4191.9324,0,2.7383
1681995000000,6.69,6.702,6.654,6.699,13402.7,1681995299999,89442.1456,253,2004.7,13416.7811,0,2.8212
1681995300000,6.7,6.702,6.697,6.701,2522.6,1681995599999,16902.9908,91,1629.2,10917.5839,0,2.8329
1681995600000,6.701,6.701,6.676,6.678,3961.8,1681995899999,26500.4945,190,1872.3,12513.9946,0,2.8417
1681995900000,6.68,6.681,6.68,6.68,412.9,1681996199999,2758.456,52,284.0,1897.404,0,2.8139
1681996200000,6.681,6.681,6.674,6.678,957.0,1681996499999,6391.8371,40,260.6,1740.3615,0,2.8139
1681996500000,6.679,6.688,6.679,6.681,3012.2,1681996799999,20130.8751,74,286.9,1916.4685,0,2.8212
1681996800000,6.68,6.681,6.662,6.67,2553.3,1681997099999,17038.829,87,942.4,6283.6214,0,2.8314
1681997100000,6.672,6.672,6.668,6.669,330.3,1681997399999,2202.88,31,113.3,755.7136,0,2.8168
1681997400000,6.668,6.668,6.645,6.662,2633.6,1681997699999,17532.7111,147,1857.7,12368.3013,0,2.7425
1681997700000,6.662,6.677,6.645,6.652,3663.2,1681997999999,24390.9012,203,2063.2,13738.0096,0,2.7425
1681998000000,6.652,6.663,6.639,6.642,2162.8,1681998299999,14383.9986,258,1229.5,8180.7107,0,2.7202
1681998300000,6.641,6.641,6.601,6.63,7653.5,1681998599999,50628.3281,269,3702.9,24489.8213,0,2.6751
1681998600000,6.629,6.655,6.618,6.648,1994.0,1681998899999,13237.0891,138,1317.1,8744.5062,0,2.6778
1681998900000,6.65,6.66,6.65,6.654,1926.5,1681999199999,12819.0716,148,652.2,4340.0491,0,2.7693
1681999200000,6.654,6.654,6.64,6.641,2253.9,1681999499999,14987.9777,75,893.7,5939.6329,0,2.7836
1681999500000,6.639,6.639,6.62,6.628,1405.1,1681999799999,9312.4509,54,1014.1,6721.7975,0,2.7922
1681999800000,6.627,6.632,6.621,6.632,1173.9,1682000099999,7777.9013,45,548.8,3636.0505,0,2.7722
1682000100000,6.633,6.641,6.633,6.639,871.2,1682000399999,5782.2934,88,372.4,2471.4686,0,2.7893
1682000400000,6.639,6.64,6.61,6.617,2356.5,1682000699999,15604.1774,98,1156.5,7652.4314,0,2.8023
1682000700000,6.613,6.619,6.613,6.613,480.7,1682000999999,3179.4528,27,161.7,1069.7338,0,2.8358
1682001000000,6.613,6.613,6.573,6.595,5601.5,1682001299999,36931.4297,237,2479.7,16361.6422,0,2.8212
1682001300000,6.595,6.601,6.587,6.587,3881.6,1682001599999,25599.8731,95,3552.7,23430.431,0,2.7951
1682001600000,6.585,6.587,6.554,6.572,3429.3,1682001899999,22528.6072,164,559.6,3682.6224,0,2.7538
1682001900000,6.571,6.586,6.563,6.572,4000.0,1682002199999,26288.4615,125,2090.1,13738.4889,0,2.7439
1682002200000,6.572,6.597,6.571,6.597,5021.2,1682002499999,33070.4679,159,4358.6,28714.1071,0,2.7509
1682002500000,6.597,6.597,6.57,6.571,1891.5,1682002799999,12438.4951,83,1128.3,7416.9809,0,2.7622
1682002800000,6.571,6.573,6.552,6.552,3583.6,1682003099999,23519.5399,157,761.9,5002.4079,0,2.7341
1682003100000,6.552,6.552,6.533,6.546,5392.4,1682003399999,35307.4136,118,1392.5,9120.5665,0,2.7523
1682003400000,6.546,6.56,6.546,6.553,1663.0,1682003699999,10895.3931,61,1055.5,6914.9224,0,2.7764
1682003700000,6.555,6.555,6.49,6.531,9695.6,1682003999999,63201.4954,450,4765.4,31099.5592,0,2.7779
1682004000000,6.531,6.544,6.518,6.544,1864.9,1682004299999,12172.5397,128,1473.0,9614.7571,0,2.7509
1682004300000,6.544,6.571,6.535,6.57,5991.1,1682004599999,39252.7148,271,4857.5,31832.4776,0,2.7369
1682004600000,6.572,6.572,6.518,6.533,11770.7,1682004899999,76982.4493,527,8641.7,56497.3942,0,2.7064
1682004900000,6.531,6.573,6.504,6.549,14799.7,1682005199999,96747.6434,749,10313.1,67449.3241,0,2.6928
1682005200000,6.549,6.556,6.521,6.547,8467.5,1682005499999,55368.0589,326,5522.6,36112.4162,0,2.7327
1682005500000,6.547,6.571,6.514,6.569,6265.3,1682005799999,40993.0753,398,4557.7,29831.6569,0,2.7106
1682005800000,6.57,6.582,6.54,6.566,14794.6,1682006099999,97102.3192,375,6281.2,41276.1897,0,2.6603
1682006100000,6.57,6.597,6.514,6.564,18140.9,1682006399999,119107.9005,742,9155.0,60168.7652,0,2.6311
1682006400000,6.56,6.563,6.301,6.388,44083.1,1682006699999,283349.9328,1766,15354.6,98979.0107,0,2.6166
1682006700000,6.386,6.435,6.378,6.425,19338.6,1682006999999,123958.0473,548,5743.1,36827.1626,0,2.5411
1682007000000,6.43,6.43,6.412,6.425,3600.6,1682007299999,23121.2353,126,2246.9,14428.9403,0,2.5638
1682007300000,6.427,6.499,6.427,6.49,6600.1,1682007599999,42720.5493,272,4476.2,28981.2087,0,2.5162
1682007600000,6.491,6.517,6.491,6.515,5457.4,1682007899999,35524.6168,338,3276.8,21321.6446,0,2.5323
1682007900000,6.516,6.516,6.478,6.487,5977.1,1682008199999,38849.3259,453,2271.1,14767.3799,0,2.3979
1682008200000,6.484,6.515,6.484,6.498,6045.9,1682008499999,39312.8086,253,4094.6,26615.8724,0,2.3625
1682008500000,6.501,6.521,6.495,6.519,6345.3,1682008799999,41298.8686,152,5123.2,33354.5948,0,2.4554
1682008800000,6.513,6.513,6.495,6.508,1073.1,1682009099999,6977.3105,63,521.4,3389.4718,0,2.3568
1682009100000,6.508,6.516,6.476,6.495,5551.5,1682009399999,36059.1226,160,3324.0,21590.2961,0,2.3738
1682009400000,6.496,6.497,6.453,6.457,3209.8,1682009699999,20789.0624,298,1468.2,9514.6354,0,2.3784
1682009700000,6.457,6.475,6.395,6.462,8925.3,1682009999999,57520.5929,320,6838.6,44111.4655,0,2.349
1682010000000,6.462,6.462,6.365,6.396,13730.7,1682010299999,87783.672,510,7114.5,45411.5883,0,2.3501
1682010300000,6.394,6.41,6.366,6.384,10369.9,1682010599999,66217.3098,489,3032.0,19376.4932,0,2.3693
1682010600000,6.384,6.413,6.381,6.412,5283.2,1682010899999,33751.0385,116,4124.4,26338.2931,0,2.5511
1682010900000,6.412,6.47,6.412,6.467,4593.9,1682011199999,29598.535,190,1874.3,12069.6359,0,2.4352
1682011200000,6.468,6.49,6.468,6.486,2053.3,1682011499999,13297.9438,169,836.1,5417.3009,0,2.4447
1682011500000,6.485,6.492,6.48,6.492,1881.6,1682011799999,12202.7126,143,1153.0,7479.2799,0,2.3933
1682011800000,6.491,6.509,6.491,6.505,2821.9,1682012099999,18349.4451,107,1462.4,9510.714,0,2.3921
1682012100000,6.504,6.505,6.473,6.481,1463.6,1682012399999,9502.0297,132,366.6,2381.1975,0,2.3967
1682012400000,6.481,6.487,6.459,6.465,4555.0,1682012699999,29476.2772,172,1469.5,9522.5509,0,2.4002
1682012700000,6.464,6.493,6.464,6.476,1524.4,1682012999999,9873.495,100,596.8,3863.4366,0,2.3967
1682013000000,6.477,6.481,6.457,6.481,2354.7,1682013299999,15237.2698,116,1125.1,7283.367,0,2.4258
1682013300000,6.481,6.481,6.457,6.465,2087.3,1682013599999,13502.6618,95,958.6,6195.4327,0,2.399
1682013600000,6.465,6.465,6.398,6.422,9158.2,1682013899999,58815.3891,419,4271.0,27425.8937,0,2.3761
1682013900000,6.422,6.45,6.416,6.45,3849.0,1682014199999,24753.6627,109,1657.5,10668.221,0,2.3761
1682014200000,6.45,6.451,6.437,6.441,1463.2,1682014499999,9432.6691,73,471.7,3041.2425,0,2.399
1682014500000,6.441,6.441,6.422,6.436,2676.1,1682014799999,17222.0673,112,861.8,5545.6226,0,2.4106
1682014800000,6.437,6.437,6.385,6.414,3665.9,1682015099999,23488.1583,191,1334.4,8544.9334,0,2.4412
1682015100000,6.404,6.415,6.379,6.394,2094.5,1682015399999,13392.3073,140,1474.7,9429.5132,0,2.42
1682015400000,6.395,6.411,6.394,6.411,1734.0,1682015699999,11098.7676,63,1311.9,8396.1321,0,2.465
1682015700000,6.412,6.416,6.398,6.405,2026.8,1682015999999,12990.7709,87,688.7,4412.9508,0,2.4435
1682016000000,6.404,6.413,6.404,6.413,2216.4,1682016299999,14205.2205,155,587.1,3763.7013,0,2.4294
1682016300000,6.413,6.427,6.413,6.421,1418.2,1682016599999,9109.7644,65,472.7,3034.6544,0,2.4783
1682016600000,6.423,6.437,6.407,6.437,2212.0,1682016899999,14205.9901,93,748.3,4808.6981,0,2.4674
1682016900000,6.438,6.438,6.437,6.438,749.4,1682017199999,4824.3869,27,421.6,2714.2608,0,2.4542
1682017200000,6.438,6.482,6.437,6.437,10144.8,1682017499999,65527.027,345,5899.7,38120.8431,0,2.459
1682017500000,6.436,6.443,6.416,6.443,3365.2,1682017799999,21622.3975,125,3101.7,19929.9014,0,2.4698
1682017800000,6.445,6.445,6.421,6.426,2069.3,1682018099999,13314.8924,199,736.8,4742.2998,0,2.4282
1682018100000,6.427,6.429,6.427,6.428,823.7,1682018399999,5294.441,66,146.4,941.1179,0,2.3659
1682018400000,6.428,6.435,6.41,6.417,2015.3,1682018699999,12948.5338,128,391.6,2515.0679,0,2.3979
1682018700000,6.418,6.423,6.41,6.41,1445.8,1682018999999,9276.1842,55,1067.6,6850.1607,0,2.4002
1682019000000,6.41,6.44,6.41,6.422,1244.9,1682019299999,8004.8276,97,491.8,3159.7874,0,2.4211
1682019300000,6.422,6.422,6.404,6.416,946.1,1682019599999,6070.5494,57,451.3,2895.0691,0,2.3864
1682019600000,6.423,6.45,6.423,6.435,1658.2,1682019899999,10670.4282,73,391.8,2520.9881,0,2.4106
1682019900000,6.438,6.459,6.438,6.458,2030.0,1682020199999,13099.3735,170,1138.7,7347.116,0,2.4118
1682020200000,6.458,6.469,6.458,6.468,2133.4,1682020499999,13787.2775,82,1890.5,12217.7747,0,2.42
1682020500000,6.467,6.473,6.457,6.457,2870.9,1682020799999,18573.5461,70,285.1,1842.6405,0,2.4495
1682020800000,6.458,6.473,6.457,6.473,3435.3,1682021099999,22205.1425,99,2877.8,18603.3323,0,2.4211
1682021100000,6.474,6.485,6.473,6.483,2368.9,1682021399999,15347.7402,127,997.8,6467.3314,0,2.4014
1682021400000,6.483,6.483,6.444,6.453,6057.4,1682021699999,39091.2836,176,1819.3,11735.8947,0,2.3715
1682021700000,6.453,6.454,6.438,6.451,798.7,1682021999999,5150.1473,41,357.2,2301.3161,0,2.3704
1682022000000,6.453,6.487,6.453,6.484,1937.6,1682022299999,12523.8116,88,852.3,5510.9913,0,2.3784
1682022300000,6.484,6.485,6.471,6.476,1374.7,1682022599999,8907.9714,114,636.1,4121.2777,0,2.3738
1682022600000,6.476,6.52,6.476,6.519,5260.8,1682022899999,34199.7861,190,4787.2,31118.9696,0,2.3523
1682022900000,6.519,6.52,6.49,6.519,4104.4,1682023199999,26701.5755,111,1167.1,7597.2399,0,2.3591
1682023200000,6.518,6.519,6.518,6.518,645.5,1682023499999,4207.5747,26,205.7,1340.9583,0,2.3738
1682023500000,6.518,6.519,6.497,6.499,1581.4,1682023799999,10292.8901,81,1000.5,6511.029,0,2.3784
1682023800000,6.499,6.506,6.498,6.501,916.7,1682024099999,5958.1591,57,441.3,2868.1783,0,2.3659
1682024100000,6.499,6.501,6.488,6.493,1607.6,1682024399999,10443.1461,44,649.8,4219.7651,0,2.3602
1682024400000,6.493,6.502,6.462,6.471,4034.2,1682024699999,26133.3,163,725.8,4706.4338,0,2.3818
1682024700000,6.471,6.489,6.469,6.473,882.5,1682024999999,5718.2595,60,480.5,3112.2734,0,2.367
1682025000000,6.474,6.485,6.474,6.485,253.0,1682025299999,1638.7411,21,238.0,1541.6011,0,2.3659
1682025300000,6.489,6.494,6.487,6.492,1008.1,1682025599999,6542.9812,82,371.1,2408.4871,0,2.3681
1682025600000,6.492,6.496,6.492,6.494,597.6,1682025899999,3880.3297,99,109.4,710.3652,0,2.3659
1682025900000,6.497,6.497,6.488,6.488,758.6,1682026199999,4927.6996,37,505.7,3285.118,0,2.3852
1682026200000,6.488,6.488,6.46,6.473,1059.2,1682026499999,6853.2481,70,617.6,3996.3138,0,2.3875
1682026500000,6.474,6.478,6.474,6.476,171.5,1682026799999,1110.6237,10,26.6,172.2513,0,2.3841
1682026800000,6.476,6.476,6.454,6.454,2356.5,1682027099999,15220.8771,72,1777.7,11481.6568,0,2.3772
1682027100000,6.462,6.485,6.462,6.477,2000.3,1682027399999,12957.2518,111,431.2,2791.9541,0,2.3795
1682027400000,6.477,6.478,6.477,6.478,568.0,1682027699999,3679.2547,26,318.7,2064.5386,0,2.4235
1682027700000,6.477,6.486,6.477,6.478,1285.1,1682027999999,8330.8262,50,539.1,3493.0068,0,2.4364
1682028000000,6.478,6.517,6.478,6.515,4409.0,1682028299999,28623.1735,206,2474.4,16059.1568,0,2.4364
1682028300000,6.515,6.601,6.515,6.541,11155.3,1682028599999,73200.0104,514,5262.3,34559.0676,0,2.4153
1682028600000,6.541,6.604,6.541,6.56,11927.6,1682028899999,78435.5035,357,10160.4,66826.9835,0,2.3967
1682028900000,6.559,6.582,6.559,6.56,2226.7,1682029199999,14622.9957,202,1152.9,7567.5955,0,2.3434
1682029200000,6.559,6.561,6.544,6.549,2047.8,1682029499999,13420.6087,166,1084.1,7106.3824,0,2.3179
1682029500000,6.55,6.551,6.525,6.529,903.0,1682029799999,5897.0123,66,273.4,1784.8268,0,2.2906
1682029800000,6.529,6.538,6.521,6.521,1543.4,1682030099999,10082.2341,70,605.9,3957.2822,0,2.308
1682030100000,6.521,6.521,6.518,6.52,384.9,1682030399999,2509.515,25,364.8,2378.496,0,2.3367
1682030400000,6.52,6.546,6.52,6.539,3128.5,1682030699999,20453.3564,90,1021.9,6673.0927,0,2.3289
1682030700000,6.538,6.538,6.517,6.519,2005.4,1682030999999,13074.3464,90,1719.3,11208.1988,0,2.3267
1682031000000,6.518,6.542,6.518,6.53,986.6,1682031299999,6441.1081,47,642.1,4190.4465,0,2.2927
1682031300000,6.528,6.539,6.52,6.528,1572.9,1682031599999,10268.7224,61,382.7,2497.7938,0,2.3003
1682031600000,6.527,6.548,6.527,6.546,1059.7,1682031899999,6927.384,89,462.8,3023.471,0,2.2755
1682031900000,6.546,6.552,6.537,6.552,1273.0,1682032199999,8336.1731,56,752.9,4931.7461,0,2.2927
1682032200000,6.551,6.577,6.548,6.567,1085.1,1682032499999,7121.2916,74,945.8,6208.3814,0,2.3047
1682032500000,6.569,6.569,6.554,6.559,1598.5,1682032799999,10484.0609,120,1051.8,6899.0051,0,2.2982
1682032800000,6.558,6.558,6.546,6.556,2041.4,1682033099999,13376.495,123,1571.2,10295.2598,0,2.2884
1682033100000,6.555,6.563,6.543,6.563,2074.1,1682033399999,13586.8912,117,1459.2,9561.8395,0,2.2971
1682033400000,6.562,6.562,6.526,6.536,3761.1,1682033699999,24593.1548,116,1032.4,6738.7435,0,2.3069
1682033700000,6.54,6.568,6.54,6.545,1966.2,1682033999999,12877.3483,80,568.4,3726.1376,0,2.3146
1682034000000,6.547,6.563,6.546,6.557,589.6,1682034299999,3865.8486,71,459.9,3014.9364,0,2.3278
1682034300000,6.555,6.555,6.545,6.555,2413.3,1682034599999,15812.917,84,1465.4,9604.1369,0,2.3478
1682034600000,6.554,6.58,6.545,6.579,2093.8,1682034899999,13722.6546,90,540.7,3547.2447,0,2.3411
1682034900000,6.578,6.578,6.543,6.543,2759.8,1682035199999,18091.5269,112,1111.6,7277.4264,0,2.3478
1682035200000,6.543,6.586,6.534,6.586,10133.9,1682035499999,66490.1764,352,4767.9,31271.2839,0,2.3602
1682035500000,6.586,6.628,6.585,6.627,3857.1,1682035799999,25471.935,182,1940.2,12814.4293,0,2.3523
1682035800000,6.626,6.626,6.596,6.608,5289.9,1682036099999,34952.7639,191,2432.6,16075.6587,0,2.3179
1682036100000,6.609,6.659,6.609,6.634,5433.6,1682036399999,36039.6313,267,3474.3,23050.5181,0,2.308
1682036400000,6.64,6.673,6.63,6.673,9458.5,1682036699999,62913.7258,415,5742.7,38214.6816,0,2.3333
1682036700000,6.673,6.673,6.55,6.552,15672.6,1682036999999,103447.4633,512,5467.2,36007.7281,0,2.3456
1682037000000,6.552,6.568,6.548,6.559,5523.6,1682037299999,36241.9412,169,1547.6,10157.7652,0,2.3322
1682037300000,6.56,6.623,6.56,6.618,8568.1,1682037599999,56427.2501,343,4704.9,31023.1212,0,2.3704
1682037600000,6.619,6.629,6.597,6.6,4640.3,1682037899999,30687.423,197,835.0,5523.9848,0,2.3738
1682037900000,6.604,6.657,6.604,6.65,5929.8,1682038199999,39291.1697,256,3529.1,23394.6547,0,2.3875
1682038200000,6.645,6.646,6.612,6.612,1850.9,1682038499999,12264.3789,91,571.5,3789.7764,0,2.3898
1682038500000,6.616,6.636,6.616,6.624,1564.2,1682038799999,10370.9603,83,798.6,5294.6704,0,2.3761
1682038800000,6.628,6.633,6.588,6.597,1668.7,1682039099999,11029.2332,101,543.5,3593.4296,0,2.3727
1682039100000,6.596,6.608,6.587,6.587,1872.0,1682039399999,12356.4969,54,750.8,4958.5492,0,2.375
1682039400000,6.586,6.587,6.581,6.586,610.0,1682039699999,4016.1733,24,292.6,1925.9662,0,2.3761
1682039700000,6.586,6.586,6.584,6.586,1066.1,1682039999999,7020.3051,26,462.2,3043.6225,0,2.3841
1682040000000,6.586,6.586,6.546,6.549,5477.1,1682040299999,35983.2587,185,513.6,3370.1476,0,2.3841
1682040300000,6.55,6.557,6.54,6.549,1031.2,1682040599999,6754.5754,50,701.2,4593.6739,0,2.3738
1682040600000,6.549,6.569,6.544,6.544,1724.9,1682040899999,11299.8659,86,309.6,2028.7636,0,2.3501
1682040900000,6.546,6.547,6.535,6.541,345.0,1682041199999,2257.2097,58,132.3,865.8564,0,2.3422
1682041200000,6.54,6.584,6.536,6.554,2866.7,1682041499999,18831.7791,144,2612.8,17165.3008,0,2.3146
1682041500000,6.555,6.555,6.549,6.555,875.7,1682041799999,5739.8349,107,784.6,5142.8375,0,2.3124
1682041800000,6.554,6.554,6.545,6.553,964.1,1682042099999,6313.1526,28,538.0,3522.322,0,2.2906
1682042100000,6.559,6.559,6.468,6.493,19156.9,1682042399999,124661.0006,425,2114.0,13797.6852,0,2.3069
1682042400000,6.489,6.505,6.464,6.487,5946.8,1682042699999,38561.7736,356,1967.0,12771.7835,0,2.3113
1682042700000,6.487,6.5,6.487,6.5,1772.1,1682042999999,11510.0733,145,1292.1,8392.2505,0,2.4459
1682043000000,6.5,6.509,6.489,6.489,1597.6,1682043299999,10388.6121,132,903.2,5875.6356,0,2.44
1682043300000,6.491,6.508,6.491,6.507,3125.3,1682043599999,20322.5812,121,1935.5,12582.3649,0,2.4554
1682043600000,6.507,6.512,6.468,6.488,2606.9,1682043899999,16916.5181,114,570.8,3706.6035,0,2.4602
1682043900000,6.487,6.488,6.464,6.475,3767.4,1682044199999,24402.65,295,2376.5,15398.3091,0,2.4771
1682044200000,6.473,6.48,6.453,6.454,3026.7,1682044499999,19566.5314,157,700.4,4534.3562,0,2.5348
1682044500000,6.457,6.484,6.451,6.469,2761.6,1682044799999,17851.5134,280,1106.9,7161.0442,0,2.5398
1682044800000,6.467,6.481,6.467,6.468,1019.9,1682045099999,6603.718,46,163.9,1061.3829,0,2.5817
1682045100000,6.468,6.484,6.468,6.482,981.2,1682045399999,6353.7039,91,452.2,2927.4403,0,2.5727
1682045400000,6.482,6.491,6.415,6.452,10050.1,1682045699999,64831.8595,429,2513.8,16230.5869,0,2.5791
1682045700000,6.452,6.464,6.452,6.462,1615.7,1682045999999,10436.3398,233,647.0,4178.7752,0,2.5461
1682046000000,6.462,6.474,6.462,6.465,6807.2,1682046299999,44023.218,193,3194.0,20653.8177,0,2.5984
1682046300000,6.47,6.479,6.47,6.47,1847.1,1682046599999,11957.0826,91,1537.0,9949.9674,0,2.5881
1682046600000,6.472,6.484,6.47,6.484,2704.5,1682046899999,17512.2436,95,2114.4,13690.7465,0,2.592
1682046900000,6.486,6.501,6.485,6.501,1929.8,1682047199999,12528.9388,100,1425.6,9256.6661,0,2.5881
1682047200000,6.503,6.504,6.483,6.491,1717.9,1682047499999,11154.7475,80,223.9,1455.5166,0,2.5486
1682047500000,6.492,6.51,6.478,6.497,5725.7,1682047799999,37196.8225,208,4983.3,32380.5849,0,2.5907
1682047800000,6.497,6.51,6.488,6.49,3545.6,1682048099999,23054.5641,150,2021.2,13144.4137,0,2.6271
1682048100000,6.49,6.491,6.486,6.491,347.3,1682048399999,2253.8188,31,154.5,1002.7662,0,2.6062
1682048400000,6.49,6.509,6.487,6.487,1942.3,1682048699999,12618.8347,80,1600.1,10395.7095,0,2.5778
1682048700000,6.487,6.508,6.487,6.498,2829.7,1682048999999,18388.3864,117,1254.4,8148.2398,0,2.5714
1682049000000,6.502,6.506,6.497,6.503,1076.7,1682049299999,6999.6955,40,376.3,2446.1896,0,2.5486
1682049300000,6.502,6.502,6.498,6.5,674.6,1682049599999,4384.713,30,171.8,1116.5975,0,2.5663
1682049600000,6.501,6.529,6.501,6.524,5476.9,1682049899999,35707.3527,240,2639.2,17205.2711,0,2.6114
1682049900000,6.525,6.532,6.518,6.52,2311.4,1682050199999,15081.0722,69,1327.1,8659.4666,0,2.6417
1682050200000,6.52,6.527,6.518,6.518,877.3,1682050499999,5721.4119,34,233.1,1520.8423,0,2.5524
1682050500000,6.517,6.517,6.5,6.506,937.2,1682050799999,6096.1693,76,606.8,3946.8295,0,2.5549
1682050800000,6.506,6.507,6.5,6.503,945.5,1682051099999,6147.9855,39,401.6,2611.0899,0,2.5753
1682051100000,6.503,6.504,6.502,6.504,296.2,1682051399999,1926.1429,21,219.9,1430.0403,0,2.5613
1682051400000,6.506,6.519,6.503,6.503,1824.8,1682051699999,11878.0663,79,1198.5,7801.0058,0,2.5702
1682051700000,6.5,6.501,6.479,6.479,2241.9,1682051999999,14545.1095,84,824.2,5341.1975,0,2.5817
1682052000000,6.477,6.477,6.459,6.46,2023.9,1682052299999,13086.7472,77,905.7,5856.5866,0,2.5587
1682052300000,6.462,6.463,6.442,6.442,2175.5,1682052599999,14028.3729,105,400.5,2582.9899,0,2.5868
1682052600000,6.441,6.446,6.44,6.445,985.6,1682052899999,6352.1667,30,806.7,5199.2927,0,2.5817
1682052900000,6.445,6.445,6.422,6.427,2298.1,1682053199999,14776.9304,125,726.9,4674.6263,0,2.5778
1682053200000,6.426,6.434,6.425,6.433,1599.2,1682053499999,10279.1595,82,1004.7,6458.7205,0,2.5894
1682053500000,6.433,6.438,6.424,6.428,3492.4,1682053799999,22464.235,95,2869.7,18461.3176,0,2.6075
1682053800000,6.428,6.443,6.426,6.431,2761.5,1682054099999,17763.1693,108,1482.3,9540.5932,0,2.5997
1682054100000,6.43,6.431,6.427,6.431,774.8,1682054399999,4980.7312,61,499.6,3211.6302,0,2.5804
1682054400000,6.43,6.43,6.425,6.425,788.7,1682054699999,5068.122,94,149.3,959.5511,0,2.5549
1682054700000,6.427,6.438,6.426,6.438,1004.8,1682054999999,6458.9252,73,926.7,5957.0546,0,2.5511
1682055000000,6.434,6.434,6.426,6.428,1334.2,1682055299999,8575.8398,90,779.7,5012.0134,0,2.5499
1682055300000,6.427,6.444,6.425,6.441,881.6,1682055599999,5672.131,79,586.9,3775.8709,0,2.5575
1682055600000,6.441,6.442,6.433,6.433,802.5,1682055899999,5167.1284,29,171.4,1103.6415,0,2.5348
1682055900000,6.434,6.434,6.422,6.429,815.9,1682056199999,5244.4604,72,372.2,2393.751,0,2.5676
1682056200000,6.428,6.43,6.404,6.417,2837.7,1682056499999,18222.8124,82,417.5,2676.5978,0,2.5971
1682056500000,6.418,6.418,6.376,6.385,6337.4,1682056799999,40537.0274,168,1637.4,10492.1021,0,2.5958
1682056800000,6.385,6.428,6.371,6.416,8399.1,1682057099999,53773.5213,263,4756.9,30420.1311,0,2.5868
1682057100000,6.42,6.421,6.393,6.399,1810.7,1682057399999,11601.9084,186,719.8,4614.8763,0,2.6114
1682057400000,6.399,6.431,6.393,6.431,2485.7,1682057699999,15946.2395,128,1964.6,12604.5312,0,2.5174
1682057700000,6.43,6.437,6.424,6.437,1461.5,1682057999999,9396.7232,127,1154.2,7421.5598,0,2.5075
1682058000000,6.438,6.447,6.425,6.436,1535.5,1682058299999,9885.9411,74,244.7,1575.7479,0,2.4507
1682058300000,6.436,6.443,6.432,6.432,1228.0,1682058599999,7905.6194,44,688.6,4433.8901,0,2.465
1682058600000,6.431,6.431,6.401,6.417,3044.3,1682058899999,19523.1046,139,1772.5,11370.9017,0,2.4928
1682058900000,6.418,6.419,6.402,6.408,825.0,1682059199999,5286.8632,42,435.8,2792.256,0,2.5063
1682059200000,6.409,6.421,6.38,6.414,6387.1,1682059499999,40871.1423,206,3764.4,24094.9563,0,2.5075
1682059500000,6.414,6.414,6.392,6.403,2908.7,1682059799999,18611.5535,109,1492.9,9547.8595,0,2.5162
1682059800000,6.398,6.399,6.339,6.352,14641.8,1682060099999,93153.0465,365,2777.9,17689.8546,0,2.4868
1682060100000,6.35,6.37,6.35,6.355,3265.0,1682060399999,20766.6854,114,1052.5,6694.5163,0,2.5174
1682060400000,6.357,6.369,6.354,6.369,2091.7,1682060699999,13308.0801,109,705.5,4487.1539,0,2.5186
1682060700000,6.369,6.417,6.369,6.417,6811.9,1682060999999,43633.5763,139,6608.9,42337.2441,0,2.4795
1682061000000,6.416,6.421,6.374,6.385,11358.1,1682061299999,72676.2126,272,1550.8,9931.7825,0,2.4843
1682061300000,6.389,6.419,6.389,6.405,5263.9,1682061599999,33750.5,162,2894.0,18547.8137,0,2.4941
1682061600000,6.4,6.414,6.383,6.387,3144.0,1682061899999,20121.9437,200,2078.8,13305.507,0,2.51
1682061900000,6.387,6.401,6.385,6.388,2037.1,1682062199999,13016.9529,142,777.0,4967.0511,0,2.4602
1682062200000,6.387,6.387,6.372,6.383,1655.8,1682062499999,10563.5712,110,789.1,5035.1543,0,2.4412
1682062500000,6.382,6.405,6.382,6.404,1386.7,1682062799999,8872.0183,71,864.4,5529.8203,0,2.453
1682062800000,6.403,6.405,6.389,6.397,1107.8,1682063099999,7083.3681,96,170.8,1092.6205,0,2.4471
1682063100000,6.397,6.447,6.397,6.447,1407.5,1682063399999,9051.1511,97,1060.3,6820.0904,0,2.4247
1682063400000,6.446,6.484,6.439,6.47,7341.2,1682063699999,47408.0788,365,2857.3,18467.6282,0,2.4459
1682063700000,6.471,6.527,6.47,6.521,4317.1,1682063999999,28061.8048,339,3544.8,23048.3097,0,2.427
1682064000000,6.522,6.599,6.522,6.55,20519.0,1682064299999,134568.2867,1158,11560.1,75827.6741,0,2.3278
1682064300000,6.55,6.554,6.484,6.508,11159.6,1682064599999,72695.43,561,4822.5,31403.7673,0,2.202
1682064600000,6.504,6.544,6.495,6.496,8717.6,1682064899999,56810.2529,484,3398.7,22163.24,0,2.1837
1682064900000,6.495,6.532,6.495,6.506,4720.7,1682065199999,30758.9579,237,2366.2,15425.1608,0,2.4095
1682065200000,6.506,6.524,6.503,6.513,1497.1,1682065499999,9752.756,189,1006.0,6554.0103,0,2.2916
1682065500000,6.513,6.529,6.491,6.507,3879.9,1682065799999,25273.765,306,1624.5,10592.2772,0,2.2626
1682065800000,6.513,6.525,6.479,6.493,4672.1,1682066099999,30394.2771,284,2701.7,17589.7243,0,2.2216
1682066100000,6.492,6.501,6.471,6.48,2740.8,1682066399999,17793.0803,136,1087.1,7058.2397,0,2.2165
1682066400000,6.48,6.492,6.473,6.482,1691.5,1682066699999,10964.9423,96,860.1,5577.8213,0,2.1959
1682066700000,6.481,6.481,6.463,6.472,1813.7,1682066999999,11738.2649,94,582.9,3771.7708,0,2.2206
1682067000000,6.474,6.488,6.474,6.488,1181.7,1682067299999,7659.7171,63,966.9,6267.2864,0,2.2321
1682067300000,6.488,6.488,6.475,6.475,1006.0,1682067599999,6519.3241,40,764.1,4951.4724,0,2.2362
1682067600000,6.476,6.487,6.472,6.481,1804.4,1682067899999,11695.9886,105,619.5,4016.4429,0,2.2185
1682067900000,6.48,6.481,6.464,6.469,776.6,1682068199999,5029.4313,142,604.8,3917.3215,0,2.1847
1682068200000,6.469,6.475,6.462,6.467,1984.7,1682068499999,12838.0071,111,1509.8,9766.154,0,2.1666
1682068500000,6.466,6.467,6.452,6.465,1668.4,1682068799999,10782.4447,158,666.9,4310.818,0,2.1556
1682068800000,6.466,6.492,6.463,6.47,6386.3,1682069099999,41364.7654,356,2964.0,19203.7884,0,2.1466
1682069100000,6.472,6.484,6.465,6.48,2178.9,1682069399999,14108.5661,198,1479.7,9583.5197,0,2.3727
1682069400000,6.477,6.478,6.458,6.46,2363.6,1682069699999,15293.1874,193,1214.4,7858.6341,0,2.2352
1682069700000,6.467,6.482,6.467,6.481,4144.9,1682069999999,26849.1997,122,2087.5,13520.5021,0,2.198
1682070000000,6.481,6.491,6.48,6.49,1680.0,1682070299999,10898.2473,55,1001.6,6499.244,0,2.1797
1682070300000,6.491,6.52,6.491,6.515,2229.6,1682070599999,14515.6931,119,1658.2,10793.7826,0,2.1969
1682070600000,6.514,6.52,6.509,6.52,877.8,1682070899999,5717.2555,54,550.3,3583.5374,0,2.1969
1682070900000,6.519,6.519,6.507,6.507,1578.9,1682071199999,10278.2339,39,244.1,1589.2098,0,2.202
1682071200000,6.499,6.501,6.478,6.484,2288.9,1682071499999,14844.8104,194,1277.0,8282.598,0,2.1918
1682071500000,6.485,6.486,6.474,6.486,1375.3,1682071799999,8913.2522,111,988.1,6404.2644,0,2.1797
1682071800000,6.486,6.486,6.473,6.48,2705.8,1682072099999,17534.1302,232,462.1,2995.1584,0,2.1476
1682072100000,6.481,6.497,6.48,6.497,2060.7,1682072399999,13364.3018,126,773.2,5016.7592,0,2.3378
1682072400000,6.497,6.501,6.49,6.496,1263.3,1682072699999,8210.3247,58,485.1,3153.0383,0,2.2165
1682072700000,6.496,6.501,6.489,6.495,656.1,1682072999999,4262.7177,118,444.9,2890.0958,0,2.2206
1682073000000,6.495,6.504,6.472,6.478,1283.1,1682073299999,8329.3784,190,805.8,5231.3169,0,2.2144
1682073300000,6.478,6.479,6.46,6.468,2004.9,1682073599999,12970.2111,168,1295.4,8381.5395,0,2.2062
1682073600000,6.469,6.472,6.464,6.466,401.8,1682073899999,2598.6198,66,238.6,1543.1636,0,2.1797
1682073900000,6.466,6.485,6.466,6.483,943.3,1682074199999,6105.5175,80,769.9,4983.7377,0,2.1626
1682074200000,6.48,6.48,6.439,6.448,3073.6,1682074499999,19824.3421,190,1538.7,9925.2171,0,2.1536
1682074500000,6.448,6.465,6.415,6.416,8773.0,1682074799999,56419.3297,540,1823.5,11745.251,0,2.1476
1682074800000,6.418,6.456,6.418,6.456,3546.8,1682075099999,22873.9776,190,2400.7,15478.8218,0,2.4048
1682075100000,6.455,6.456,6.428,6.428,4867.6,1682075399999,31369.9532,227,2564.8,16511.9719,0,2.3113
1682075400000,6.428,6.448,6.427,6.434,2359.7,1682075699999,15179.2257,115,1556.0,10007.5296,0,2.2331
1682075700000,6.433,6.433,6.41,6.427,3009.2,1682075999999,19341.7298,119,891.9,5731.0418,0,2.2175
1682076000000,6.433,6.453,6.423,6.439,1327.7,1682076299999,8542.3287,160,740.5,4764.7913,0,2.2154
1682076300000,6.441,6.464,6.441,6.454,970.8,1682076599999,6269.3839,49,752.2,4858.803,0,2.1898
1682076600000,6.452,6.457,6.451,6.452,2253.2,1682076899999,14536.5686,74,998.8,6444.2976,0,2.199
1682076900000,6.452,6.489,6.452,6.474,4776.4,1682077199999,30882.4635,166,3325.2,21487.8726,0,2.1898
1682077200000,6.473,6.473,6.431,6.437,2808.4,1682077499999,18112.3059,306,1093.4,7058.2195,0,2.1656
1682077500000,6.437,6.441,6.407,6.414,4318.8,1682077799999,27730.9001,401,1494.0,9599.0247,0,2.1526
1682077800000,6.414,6.452,6.414,6.439,3220.8,1682078099999,20735.6411,156,1916.7,12338.2856,0,2.3445
1682078100000,6.45,6.463,6.445,6.453,2095.5,1682078399999,13526.2127,317,1605.4,10364.1137,0,2.2258
1682078400000,6.453,6.453,6.391,6.392,12290.3,1682078699999,78778.1806,544,4219.9,27033.0312,0,2.1496
1682078700000,6.395,6.399,6.356,6.381,11184.3,1682078999999,71347.1748,497,3120.5,19909.6239,0,2.1085
1682079000000,6.381,6.402,6.376,6.401,1796.4,1682079299999,11467.0756,116,1021.1,6520.0745,0,2.5323
1682079300000,6.401,6.415,6.4,6.408,2704.1,1682079599999,17328.8603,151,1241.6,7958.7478,0,2.3434
1682079600000,6.408,6.417,6.4,6.417,2123.2,1682079899999,13608.5338,161,722.8,4634.5607,0,2.3546
1682079900000,6.416,6.423,6.416,6.422,772.8,1682080199999,4959.1302,32,696.3,4468.2835,0,2.367
1682080200000,6.423,6.429,6.423,6.428,1699.1,1682080499999,10916.6696,90,809.4,5201.5328,0,2.3727
1682080500000,6.429,6.451,6.429,6.45,2809.5,1682080799999,18100.1457,117,1791.9,11539.1779,0,2.3704
1682080800000,6.444,6.444,6.417,6.427,1173.0,1682081099999,7543.8669,60,737.2,4741.4011,0,2.3738
1682081100000,6.427,6.428,6.414,6.414,966.2,1682081399999,6205.4905,57,405.7,2605.2495,0,2.3727
1682081400000,6.416,6.437,6.416,6.437,808.7,1682081699999,5198.0576,32,292.0,1875.9572,0,2.3523
1682081700000,6.433,6.448,6.426,6.448,1371.6,1682081999999,8833.1577,55,864.9,5568.7402,0,2.3478
1682082000000,6.448,6.452,6.432,6.444,2827.8,1682082299999,18216.4238,98,1133.9,7303.9866,0,2.3546
1682082300000,6.443,6.443,6.43,6.431,560.0,1682082599999,3602.1188,24,462.3,2973.1735,0,2.3715
1682082600000,6.431,6.444,6.43,6.441,2150.0,1682082899999,13839.0882,102,1089.6,7007.9498,0,2.3784
1682082900000,6.441,6.454,6.431,6.435,1986.4,1682083199999,12792.8623,128,1417.7,9131.1761,0,2.3546
1682083200000,6.435,6.446,6.434,6.446,1759.8,1682083499999,11332.6091,54,1083.0,6976.4141,0,2.3693
1682083500000,6.444,6.444,6.436,6.441,423.3,1682083799999,2725.8183,21,102.9,662.9694,0,2.3478
1682083800000,6.441,6.454,6.435,6.454,2946.8,1682084099999,18987.6993,118,2366.0,15244.005,0,2.3356
1682084100000,6.456,6.473,6.456,6.469,1686.1,1682084399999,10909.0547,91,367.8,2378.8374,0,2.3602
1682084400000,6.468,6.473,6.45,6.456,2499.8,1682084699999,16152.7449,87,804.6,5202.1469,0,2.3378
1682084700000,6.46,6.464,6.456,6.461,863.8,1682084999999,5581.4432,105,284.9,1841.0565,0,2.3659
1682085000000,6.461,6.461,6.43,6.442,11338.2,1682085299999,73118.9442,178,3230.4,20801.5956,0,2.4072
1682085300000,6.442,6.446,6.432,6.441,2530.8,1682085599999,16302.5941,172,1183.7,7626.9715,0,2.4165
1682085600000,6.44,6.44,6.408,6.414,4844.6,1682085899999,31093.4518,325,3362.0,21577.7773,0,2.2499
1682085900000,6.414,6.421,6.414,6.42,842.8,1682086199999,5409.4333,80,650.7,4176.1543,0,2.1837
1682086200000,6.421,6.425,6.414,6.424,3671.4,1682086499999,23571.6321,134,777.4,4989.8331,0,2.2755
1682086500000,6.422,6.434,6.396,6.428,5384.6,1682086799999,34525.1538,378,2345.4,15040.7026,0,2.2992
1682086800000,6.428,6.442,6.428,6.435,3360.5,1682087099999,21622.2829,204,1649.4,10611.9683,0,2.3501
1682087100000,6.433,6.465,6.433,6.455,3326.5,1682087399999,21458.3543,129,1792.4,11557.2694,0,2.4095
1682087400000,6.456,6.472,6.456,6.47,2016.0,1682087699999,13039.9001,137,1097.1,7095.708,0,2.3704
1682087700000,6.47,6.471,6.421,6.431,9104.1,1682087999999,58673.7414,219,5288.9,34078.6528,0,2.3761
1682088000000,6.428,6.442,6.421,6.439,929.0,1682088299999,5974.1648,74,526.5,3384.5942,0,2.3445
1682088300000,6.428,6.428,6.401,6.405,6518.3,1682088599999,41783.3974,133,4987.9,31956.9294,0,2.3818
1682088600000,6.405,6.431,6.405,6.424,3045.6,1682088899999,19544.2738,60,585.8,3756.4177,0,2.3501
1682088900000,6.422,6.422,6.41,6.411,3222.9,1682089199999,20690.0748,43,194.3,1245.8989,0,2.3322
1682089200000,6.411,6.418,6.4,6.416,3366.1,1682089499999,21569.9889,124,1718.5,11017.4814,0,2.3267
1682089500000,6.416,6.424,6.415,6.422,1098.9,1682089799999,7053.1985,34,480.7,3084.6357,0,2.3344
1682089800000,6.421,6.421,6.413,6.414,363.0,1682090099999,2328.2873,24,116.4,746.4962,0,2.3311
1682090100000,6.413,6.422,6.402,6.409,2779.6,1682090399999,17816.756,72,1612.7,10339.3442,0,2.3456
1682090400000,6.409,6.409,6.4,6.407,1306.6,1682090699999,8365.5116,50,1056.9,6766.7157,0,2.3602
1682090700000,6.4,6.402,6.383,6.384,1105.2,1682090999999,7063.3738,66,435.7,2782.4304,0,2.3557
1682091000000,6.383,6.41,6.383,6.41,2102.5,1682091299999,13457.4713,90,1453.2,9302.9542,0,2.3625
1682091300000,6.41,6.411,6.395,6.409,2203.8,1682091599999,14120.4642,67,844.0,5408.1672,0,2.375
1682091600000,6.398,6.405,6.373,6.405,5316.7,1682091899999,33908.8633,137,3132.0,19970.326,0,2.3772
1682091900000,6.405,6.409,6.371,6.372,3304.6,1682092199999,21112.7101,99,268.1,1711.7459,0,2.3602
1682092200000,6.373,6.382,6.36,6.379,2619.2,1682092499999,16687.6912,105,1534.0,9770.7945,0,2.34
1682092500000,6.371,6.39,6.361,6.37,3959.1,1682092799999,25237.1465,143,3247.2,20701.5697,0,2.3956
1682092800000,6.37,6.385,6.369,6.384,2371.7,1682093099999,15126.3672,146,1346.6,8588.4682,0,2.4223
1682093100000,6.381,6.384,6.358,6.358,1415.5,1682093399999,9023.8437,50,410.8,2615.1835,0,2.3602
1682093400000,6.358,6.369,6.32,6.361,12356.6,1682093699999,78370.2626,366,4054.9,25749.6394,0,2.375
1682093700000,6.361,6.403,6.357,6.398,9803.4,1682093999999,62556.4264,268,8925.1,56950.3181,0,2.3864
1682094000000,6.398,6.398,6.368,6.369,1728.9,1682094299999,11042.5947,73,710.4,4536.4242,0,2.3979
1682094300000,6.368,6.368,6.345,6.357,2044.0,1682094599999,12990.805,93,675.9,4293.2178,0,2.367
1682094600000,6.353,6.353,6.345,6.349,3224.5,1682094899999,20464.5093,90,2377.8,15090.6933,0,2.3613
1682094900000,6.348,6.353,6.346,6.351,874.7,1682095199999,5552.7934,40,538.6,3419.2755,0,2.3501
1682095200000,6.351,6.379,6.349,6.368,616.1,1682095499999,3917.9033,32,250.9,1595.2305,0,2.3501
1682095500000,6.368,6.388,6.368,6.383,1281.7,1682095799999,8180.6683,72,492.4,3142.1724,0,2.3523
1682095800000,6.382,6.383,6.353,6.356,2299.4,1682096099999,14650.0297,91,454.6,2894.5131,0,2.3356
1682096100000,6.357,6.381,6.357,6.365,1302.8,1682096399999,8292.8897,89,553.0,3519.346,0,2.3738
1682096400000,6.366,6.371,6.335,6.336,4149.2,1682096699999,26387.2212,143,681.8,4328.838,0,2.4211
1682096700000,6.336,6.36,6.336,6.359,1023.6,1682096999999,6500.3893,96,865.2,5493.5168,0,2.4282
1682097000000,6.36,6.38,6.358,6.371,3749.7,1682097299999,23880.3107,197,3030.7,19306.5514,0,2.2992
1682097300000,6.37,6.373,6.314,6.342,6346.6,1682097599999,40246.272,367,3600.0,22857.6539,0,2.268
1682097600000,6.342,6.348,6.328,6.346,5361.9,1682097899999,33977.9775,244,3570.2,22630.8472,0,2.2206
1682097900000,6.342,6.342,6.314,6.33,5801.6,1682098199999,36704.5872,347,3713.6,23500.1369,0,2.1939
1682098200000,6.331,6.331,6.325,6.326,2392.6,1682098499999,15135.8885,216,645.1,4081.4333,0,2.1017
1682098500000,6.326,6.343,6.323,6.333,2851.0,1682098799999,18048.9585,232,1738.1,11007.4389,0,2.2321
1682098800000,6.335,6.345,6.329,6.343,2547.3,1682099099999,16143.3945,85,964.7,6111.838,0,2.2425
1682099100000,6.343,6.369,6.343,6.361,1441.0,1682099399999,9162.6298,94,649.2,4129.7132,0,2.1776
1682099400000,6.36,6.368,6.36,6.368,1618.5,1682099699999,10297.4462,40,893.9,5688.9902,0,2.199
1682099700000,6.368,6.368,6.348,6.349,1345.7,1682099999999,8558.9585,54,73.9,469.9378,0,2.1797
1682100000000,6.35,6.35,6.272,6.304,16059.1,1682100299999,101219.2436,519,4876.5,30780.1203,0,2.1666
1682100300000,6.304,6.318,6.28,6.29,6279.3,1682100599999,39538.4455,432,2201.3,13864.4462,0,2.1928
1682100600000,6.29,6.321,6.289,6.312,2747.5,1682100899999,17328.9524,254,982.2,6192.6454,0,2.3898
1682100900000,6.312,6.334,6.312,6.33,2431.9,1682101199999,15384.4313,213,1500.8,9493.5962,0,2.2258
1682101200000,6.33,6.332,6.329,6.329,1392.8,1682101499999,8816.5445,185,752.0,4760.6565,0,2.1928
1682101500000,6.329,6.329,6.325,6.325,968.4,1682101799999,6128.0709,146,720.2,4557.8631,0,2.1756
1682101800000,6.325,6.325,6.288,6.294,3494.4,1682102099999,22041.6879,221,1439.9,9087.5924,0,2.1546
1682102100000,6.296,6.299,6.261,6.265,5784.1,1682102399999,36297.9358,563,1778.7,11170.9731,0,2.1556
1682102400000,6.266,6.298,6.266,6.276,13667.1,1682102699999,85765.4665,307,12120.0,76050.3557,0,2.3841
1682102700000,6.276,6.291,6.256,6.269,7415.4,1682102999999,46510.3403,419,2758.3,17318.0448,0,2.2268
1682103000000,6.27,6.273,6.259,6.264,4149.0,1682103299999,25993.4602,279,529.3,3316.0505,0,2.1546
1682103300000,6.264,6.279,6.261,6.267,3053.8,1682103599999,19146.5698,243,2047.1,12832.9616,0,2.3772
1682103600000,6.267,6.273,6.21,6.24,8918.8,1682103899999,55703.3434,561,4742.7,29658.8836,0,2.2144
1682103900000,6.239,6.242,5.846,6.083,89180.1,1682104199999,538221.6059,2422,25161.1,153282.7246,0,2.1221
1682104200000,6.074,6.09,5.986,6.034,29102.4,1682104499999,175802.3975,994,11707.3,70769.0796,0,2.2798
1682104500000,6.034,6.034,6.015,6.026,9526.4,1682104799999,57410.363,481,4763.4,28706.0742,0,2.1536
1682104800000,6.026,6.089,6.021,6.074,16364.5,1682105099999,99107.7596,538,10782.3,65322.5974,0,2.3456
1682105100000,6.074,6.088,6.044,6.058,5943.4,1682105399999,36038.9384,340,2387.4,14490.3602,0,2.1407
1682105400000,6.058,6.061,6.021,6.022,7382.2,1682105699999,44569.2883,417,1264.0,7644.5106,0,2.1476
1682105700000,6.026,6.063,6.026,6.046,8396.4,1682105999999,50764.176,344,4718.6,28528.225,0,2.319
1682106000000,6.046,6.07,6.046,6.055,3597.6,1682106299999,21779.5401,195,2605.9,15771.1426,0,2.1656
1682106300000,6.054,6.064,6.033,6.04,5487.8,1682106599999,33195.6125,430,3214.5,19446.6751,0,2.1211
1682106600000,6.04,6.046,6.024,6.033,3975.1,1682106899999,24010.2839,360,3049.3,18419.9253,0,2.34
1682106900000,6.028,6.046,6.013,6.031,7732.8,1682107199999,46630.3107,442,4494.9,27128.8797,0,2.1447
1682107200000,6.032,6.051,5.988,6.007,6583.4,1682107499999,39685.1899,425,2990.6,18049.1635,0,2.2971
1682107500000,6.006,6.013,5.961,6.001,12707.8,1682107799999,76102.9695,584,4849.6,29076.8739,0,2.1338
1682107800000,6.002,6.028,5.999,6.018,5756.9,1682108099999,34663.3612,376,3814.2,22972.1871,0,2.3212
1682108100000,6.018,6.035,6.017,6.029,2443.1,1682108399999,14711.1305,269,785.2,4729.7715,0,2.076
1682108400000,6.03,6.033,6.012,6.029,5071.6,1682108699999,30538.6955,289,2264.1,13638.1849,0,2.2206
1682108700000,6.029,6.052,6.029,6.048,5253.3,1682108999999,31745.8602,409,4466.3,26990.1889,0,2.2982
1682109000000,6.048,6.049,6.026,6.026,1418.3,1682109299999,8567.4541,127,669.5,4045.1211,0,2.0553
1682109300000,6.026,6.039,6.026,6.032,1369.7,1682109599999,8261.1113,81,1123.1,6772.597,0,2.1736
1682109600000,6.031,6.031,5.997,6.0,2971.3,1682109899999,17876.9756,138,1609.0,9682.259,0,2.1756
1682109900000,6.0,6.022,5.995,6.009,3566.3,1682110199999,21424.5494,149,1534.6,9220.4512,0,2.1746
1682110200000,6.01,6.01,5.982,5.982,6325.3,1682110499999,37930.8815,201,1011.7,6070.4453,0,2.1746
1682110500000,5.984,5.99,5.96,5.967,4850.6,1682110799999,28960.3297,380,1434.2,8566.2634,0,2.1888
1682110800000,5.965,5.995,5.962,5.984,6619.4,1682111099999,39584.5908,404,4976.5,29759.3425,0,2.2776
1682111100000,5.985,5.985,5.971,5.978,11287.7,1682111399999,67535.2923,177,694.0,4148.3248,0,2.0769
1682111400000,5.978,6.011,5.978,6.009,3949.6,1682111699999,23678.5246,136,2414.3,14476.3535,0,2.2113
1682111700000,6.009,6.083,6.0,6.011,30458.5,1682111999999,183625.4652,595,24214.1,145946.1105,0,2.1949
1682112000000,6.011,6.027,6.011,6.026,3480.4,1682112299999,20951.3376,103,2918.1,17566.4356,0,2.2258
1682112300000,6.026,6.028,6.019,6.027,3032.0,1682112599999,18269.1893,65,1528.7,9212.5836,0,2.2206
1682112600000,6.027,6.05,6.027,6.05,4355.7,1682112899999,26310.4832,185,2253.5,13604.0244,0,2.2092
1682112900000,6.049,6.069,6.049,6.063,5531.4,1682113199999,33535.0507,373,4016.4,24355.2884,0,2.2531
1682113200000,6.068,6.069,6.041,6.043,4119.1,1682113499999,24946.4143,257,728.5,4413.8846,0,2.0276
1682113500000,6.042,6.051,6.018,6.043,10710.0,1682113799999,64570.6347,409,3718.3,22449.7162,0,2.1786
1682113800000,6.044,6.056,6.037,6.037,1996.6,1682114099999,12072.3626,144,895.2,5412.8174,0,2.2165
1682114100000,6.039,6.039,6.019,6.037,5191.9,1682114399999,31295.5017,126,1904.8,11487.2512,0,2.231
1682114400000,6.033,6.036,6.015,6.034,7451.6,1682114699999,44854.8101,85,3438.9,20704.8137,0,2.1626
1682114700000,6.033,6.048,6.033,6.047,3280.3,1682114999999,19801.7243,64,2949.7,17803.7391,0,2.1696
1682115000000,6.047,6.078,6.047,6.066,3807.7,1682115299999,23098.3184,164,1557.3,9451.6518,0,2.1666
1682115300000,6.071,6.077,6.039,6.052,4708.1,1682115599999,28537.1333,162,775.7,4698.4695,0,2.1397
1682115600000,6.052,6.075,6.052,6.073,2172.9,1682115899999,13186.3101,86,1717.1,10418.3041,0,2.1969
1682115900000,6.069,6.069,6.045,6.065,4082.2,1682116199999,24748.5382,249,3382.5,20509.5666,0,2.1716
1682116200000,6.066,6.078,6.061,6.076,1637.3,1682116499999,9939.0864,128,1043.7,6333.8642,0,2.0423
1682116500000,6.073,6.089,6.056,6.079,3056.5,1682116799999,18568.1907,187,1175.0,7137.6343,0,2.0248
1682116800000,6.079,6.101,6.079,6.099,2039.3,1682117099999,12423.6705,104,1376.5,8388.003,0,2.0102
1682117100000,6.099,6.127,6.099,6.116,3795.0,1682117399999,23201.4961,198,2430.2,14856.6116,0,2.0441
1682117400000,6.118,6.132,6.112,6.12,2353.1,1682117699999,14409.3345,75,1988.5,12178.3157,0,2.0358
1682117700000,6.12,6.141,6.112,6.129,3698.5,1682117999999,22627.2852,139,914.9,5599.1645,0,2.0248
1682118000000,6.13,6.133,6.115,6.132,2443.9,1682118299999,14964.0345,109,1279.8,7835.2716,0,2.0276
1682118300000,6.133,6.16,6.133,6.151,6170.8,1682118599999,37935.8905,229,1832.0,11265.2627,0,2.0684
1682118600000,6.148,6.169,6.148,6.157,2475.8,1682118899999,15252.6024,95,1320.1,8133.6962,0,2.0166
1682118900000,6.154,6.178,6.154,6.174,2004.6,1682119199999,12358.7572,189,1504.7,9278.9721,0,2.0377
1682119200000,6.174,6.18,6.17,6.18,1075.4,1682119499999,6639.2488,120,703.1,4340.5016,0,1.994
1682119500000,6.178,6.188,6.164,6.177,2842.9,1682119799999,17561.8812,165,990.1,6118.3789,0,1.9878
1682119800000,6.177,6.182,6.177,6.178,2006.1,1682120099999,12397.1893,117,1182.0,7305.0322,0,1.9913
1682120100000,6.177,6.207,6.175,6.197,12639.7,1682120399999,78346.6699,187,12098.9,75003.6318,0,1.9878
1682120400000,6.198,6.211,6.187,6.196,5206.2,1682120699999,32287.2431,373,3179.9,19722.5686,0,1.9878
1682120700000,6.196,6.197,6.177,6.18,2699.3,1682120999999,16694.6889,115,716.4,4432.1988,0,1.9674
1682121000000,6.181,6.193,6.18,6.19,912.8,1682121299999,5643.9912,68,712.5,4405.4666,0,1.9815
1682121300000,6.188,6.209,6.188,6.203,1155.5,1682121599999,7164.0685,106,652.9,4047.5838,0,1.9878
1682121600000,6.202,6.203,6.13,6.141,15212.8,1682121899999,93694.8093,557,4794.2,29516.2606,0,1.9922
1682121900000,6.136,6.195,6.136,6.18,12749.8,1682122199999,78848.8802,441,5994.6,37066.9175,0,1.9833
1682122200000,6.179,6.179,6.16,6.17,3147.3,1682122499999,19416.7295,95,2060.3,12710.9157,0,2.0441
1682122500000,6.17,6.189,6.17,6.186,1718.6,1682122799999,10623.5007,76,930.4,5749.5722,0,2.0184
1682122800000,6.186,6.193,6.155,6.167,1587.4,1682123099999,9799.0122,99,1191.8,7356.6475,0,1.9976
1682123100000,6.167,6.178,6.166,6.178,1082.3,1682123399999,6678.8388,47,847.8,5232.5854,0,1.994
1682123400000,6.178,6.178,6.16,6.165,1537.5,1682123699999,9488.7117,68,474.2,2926.1154,0,2.0003
1682123700000,6.164,6.165,6.164,6.164,239.0,1682123999999,1473.3924,12,196.4,1210.806,0,1.9797
1682124000000,6.164,6.165,6.164,6.165,760.8,1682124299999,4690.1014,23,530.2,3268.683,0,1.9815
1682124300000,6.169,6.189,6.169,6.173,3533.0,1682124599999,21831.2088,122,1695.1,10475.6393,0,1.9878
1682124600000,6.173,6.174,6.144,6.152,2222.0,1682124899999,13686.5304,146,698.0,4300.6427,0,1.9753
1682124900000,6.153,6.171,6.152,6.169,2475.7,1682125199999,15252.9588,109,1475.1,9084.8484,0,1.9647
1682125200000,6.17,6.171,6.17,6.171,508.8,1682125499999,3139.6631,30,407.1,2512.1741,0,1.9472
1682125500000,6.171,6.174,6.171,6.171,1592.1,1682125799999,9826.8123,41,426.1,2629.4952,0,1.9533
1682125800000,6.168,6.183,6.166,6.18,2202.5,1682126099999,13590.872,58,675.2,4166.5027,0,1.9568
1682126100000,6.172,6.214,6.172,6.214,6729.8,1682126399999,41676.7053,229,5062.6,31357.8364,0,1.9595
1682126400000,6.213,6.242,6.213,6.236,2199.6,1682126699999,13716.0616,98,915.6,5708.9772,0,1.9446
1682126700000,6.235,6.236,6.178,6.194,16338.1,1682126999999,101454.6992,307,664.0,4115.2967,0,1.9586
1682127000000,6.195,6.21,6.188,6.199,2325.5,1682127299999,14417.607,127,1532.1,9501.2162,0,1.9464
1682127300000,6.204,6.208,6.204,6.208,607.9,1682127599999,3771.9916,13,607.9,3771.9916,0,1.9369
1682127600000,6.207,6.21,6.207,6.21,308.6,1682127899999,1915.7368,21,254.8,1581.8002,0,1.9274
1682127900000,6.209,6.236,6.209,6.231,2752.5,1682128199999,17135.7322,87,1764.5,10984.6449,0,1.9231
1682128200000,6.232,6.261,6.232,6.26,3637.6,1682128499999,22737.1643,234,1856.5,11597.8027,0,1.9189
1682128500000,6.26,6.26,6.24,6.259,2528.6,1682128799999,15819.0667,74,543.8,3400.4924,0,1.9019
1682128800000,6.26,6.263,6.242,6.244,2288.1,1682129099999,14315.9035,225,673.8,4216.612,0,1.9189
1682129100000,6.244,6.259,6.243,6.259,1073.8,1682129399999,6710.6556,93,946.6,5915.7085,0,1.9044
1682129400000,6.259,6.265,6.259,6.262,919.5,1682129699999,5758.8745,70,510.8,3199.4565,0,1.8868
1682129700000,6.262,6.263,6.232,6.237,2202.6,1682129999999,13762.2421,218,576.9,3605.5591,0,1.8769
1682130000000,6.236,6.242,6.228,6.241,1143.1,1682130299999,7126.7323,56,460.7,2873.2932,0,1.8736
1682130300000,6.241,6.241,6.229,6.23,1040.6,1682130599999,6486.5933,42,532.5,3318.178,0,1.881
1682130600000,6.231,6.25,6.231,6.245,1190.6,1682130899999,7433.9021,88,585.6,3657.4997,0,1.8736
1682130900000,6.245,6.245,6.233,6.233,1120.3,1682131199999,6989.543,44,8.9,55.4958,0,1.8852
1682131200000,6.234,6.253,6.234,6.242,889.0,1682131499999,5555.0887,70,245.5,1533.0234,0,1.8935
1682131500000,6.24,6.24,6.209,6.211,2514.1,1682131799999,15636.6325,88,660.7,4108.5318,0,1.9011
1682131800000,6.211,6.237,6.211,6.231,1210.1,1682132099999,7530.4148,57,489.6,3045.8653,0,1.9053
1682132100000,6.23,6.23,6.208,6.21,1988.9,1682132399999,12370.1552,56,110.0,683.0647,0,1.9163
1682132400000,6.211,6.221,6.211,6.221,2495.7,1682132699999,15520.9892,84,1410.0,8768.1654,0,1.9087
1682132700000,6.221,6.221,6.22,6.22,948.4,1682132999999,5899.2367,11,188.7,1173.9027,0,1.9326
1682133000000,6.221,6.221,6.207,6.208,1635.8,1682133299999,10162.2256,63,633.5,3933.905,0,1.9308
1682133300000,6.21,6.236,6.21,6.229,3530.4,1682133599999,21977.3785,101,2373.0,14774.6839,0,1.9248
1682133600000,6.229,6.23,6.221,6.222,1560.6,1682133899999,9714.2429,41,445.3,2773.5293,0,1.907
1682133900000,6.222,6.226,6.221,6.225,1116.3,1682134199999,6947.4187,32,661.6,4117.4404,0,1.8893
1682134200000,6.226,6.227,6.225,6.225,827.6,1682134499999,5153.1085,34,48.6,302.5836,0,1.9163
1682134500000,6.226,6.226,6.224,6.226,649.8,1682134799999,4044.4887,21,576.5,3588.2154,0,1.907
1682134800000,6.226,6.234,6.226,6.228,1084.8,1682135099999,6757.9949,28,596.8,3716.7304,0,1.9231
1682135100000,6.23,6.237,6.225,6.234,502.6,1682135399999,3130.6832,51,225.2,1403.1998,0,1.9172
1682135400000,6.234,6.246,6.234,6.238,461.5,1682135699999,2880.7235,23,45.4,283.2948,0,1.9146
1682135700000,6.238,6.246,6.238,6.245,322.9,1682135999999,2015.7896,22,172.8,1078.4836,0,1.9189
1682136000000,6.247,6.268,6.247,6.252,5079.9,1682136299999,31781.3769,195,2349.1,14694.3003,0,1.9231
1682136300000,6.252,6.262,6.245,6.254,2853.9,1682136599999,17844.6295,88,1874.1,11723.1848,0,1.907
1682136600000,6.254,6.258,6.242,6.252,4522.4,1682136899999,28259.0953,187,2967.4,18547.3688,0,1.9429
1682136900000,6.252,6.286,6.252,6.285,6117.2,1682137199999,38367.2437,251,4908.4,30790.5018,0,1.8944
1682137200000,6.284,6.289,6.274,6.285,4672.2,1682137499999,29348.5319,127,3052.2,19174.3048,0,1.9011
1682137500000,6.285,6.305,6.285,6.299,935.2,1682137799999,5886.9512,59,751.1,4728.6423,0,1.8977
1682137800000,6.3,6.306,6.263,6.27,7571.6,1682138099999,47546.5922,270,1283.8,8066.7297,0,1.896
1682138100000,6.277,6.286,6.268,6.272,2420.7,1682138399999,15189.4327,142,1063.0,6674.4082,0,1.9709
1682138400000,6.272,6.273,6.256,6.256,1627.8,1682138699999,10195.09,122,395.8,2479.8886,0,1.9913
1682138700000,6.258,6.279,6.258,6.271,1091.0,1682138999999,6837.0786,176,319.3,2000.5729,0,1.9913
1682139000000,6.272,6.279,6.267,6.273,1325.6,1682139299999,8315.5876,60,576.1,3613.1561,0,1.9913
1682139300000,6.27,6.281,6.265,6.265,2230.9,1682139599999,13990.7675,67,579.7,3634.7887,0,1.994
1682139600000,6.265,6.28,6.264,6.265,2171.3,1682139899999,13621.627,93,923.5,5792.0319,0,1.9878
1682139900000,6.265,6.265,6.248,6.248,1768.2,1682140199999,11056.3268,56,606.1,3790.141,0,1.9815
1682140200000,6.249,6.249,6.233,6.234,1911.4,1682140499999,11925.8771,72,374.4,2335.2489,0,2.0003
1682140500000,6.236,6.241,6.215,6.225,2479.5,1682140799999,15439.9443,278,433.3,2699.5866,0,2.0248
1682140800000,6.227,6.236,6.216,6.218,2512.5,1682141099999,15639.5758,225,1386.5,8634.8611,0,2.0572
1682141100000,6.219,6.23,6.214,6.214,1337.9,1682141399999,8320.5813,56,410.2,2550.8448,0,2.023
1682141400000,6.214,6.241,6.214,6.222,1170.9,1682141699999,7290.3271,62,658.5,4095.6723,0,2.0248
1682141700000,6.234,6.248,6.221,6.224,3412.0,1682141999999,21258.9251,106,444.2,2769.7292,0,2.0084
1682142000000,6.225,6.238,6.218,6.221,1321.4,1682142299999,8232.4088,66,280.0,1744.4747,0,2.0377
1682142300000,6.223,6.251,6.223,6.238,1554.6,1682142599999,9697.6035,105,1054.8,6579.3891,0,2.0211
1682142600000,6.237,6.237,6.226,6.229,522.3,1682142899999,3253.6767,30,160.8,1001.8617,0,2.0084
1682142900000,6.23,6.23,6.217,6.217,2377.4,1682143199999,14792.6841,67,1048.9,6529.2843,0,2.0166
1682143200000,6.216,6.29,6.216,6.289,23068.7,1682143499999,144342.2471,556,15191.3,94982.606,0,2.0057
1682143500000,6.289,6.29,6.255,6.276,10417.3,1682143799999,65356.331,396,5008.0,31401.8893,0,1.858
1682143800000,6.275,6.275,6.25,6.253,6402.6,1682144099999,40052.0787,252,4198.7,26257.2498,0,1.8337
1682144100000,6.253,6.253,6.23,6.231,2877.4,1682144399999,17954.5172,134,1040.4,6490.7882,0,1.8482
1682144400000,6.231,6.231,6.206,6.206,5541.6,1682144699999,34446.0561,159,1155.6,7185.9847,0,1.8637
1682144700000,6.206,6.218,6.2,6.208,3486.1,1682144999999,21633.6764,299,1422.8,8832.5457,0,1.9577
1682145000000,6.21,6.219,6.187,6.195,3321.4,1682145299999,20597.1408,197,1206.2,7481.9882,0,1.97
1682145300000,6.202,6.209,6.202,6.206,2176.0,1682145599999,13503.1407,183,669.8,4156.9539,0,1.994
1682145600000,6.206,6.206,6.197,6.202,2145.2,1682145899999,13305.9236,113,851.6,5283.6522,0,1.9958
1682145900000,6.203,6.215,6.201,6.203,1875.0,1682146199999,11638.7327,121,919.5,5708.8159,0,2.0084
1682151300000,6.184,6.185,6.183,6.183,1693.7,1682151599999,10474.0476,86,346.8,2144.8878,0,2.0003
1682151600000,6.183,6.209,6.183,6.209,2077.5,1682151899999,12868.6306,99,1466.6,9083.013,0,1.9394
1682151900000,6.208,6.208,6.177,6.187,2036.7,1682152199999,12611.5222,117,300.0,1857.6715,0,1.9308
1682152200000,6.187,6.189,6.176,6.178,3474.7,1682152499999,21481.0803,192,643.2,3978.6542,0,1.9155
1682152500000,6.179,6.179,6.157,6.17,1795.6,1682152799999,11075.0704,147,367.4,2268.2371,0,1.9155
1682152800000,6.17,6.178,6.167,6.167,802.4,1682153099999,4953.8987,130,243.8,1505.6556,0,1.9429
1682153100000,6.168,6.177,6.168,6.173,757.7,1682153399999,4677.055,121,344.2,2124.2856,0,2.0166
1682153400000,6.173,6.173,6.161,6.167,1978.4,1682153699999,12205.8182,48,759.4,4687.5423,0,2.0294
1682153700000,6.161,6.167,6.146,6.167,1781.1,1682153999999,10968.0491,58,1036.5,6387.8076,0,2.034
1682154000000,6.162,6.167,6.145,6.165,2432.7,1682154299999,14977.5705,143,813.5,5010.2675,0,1.9895
1682154300000,6.165,6.179,6.165,6.169,793.7,1682154599999,4896.7714,109,393.4,2428.0885,0,2.0148
1682154600000,6.17,6.178,6.17,6.174,342.1,1682154899999,2112.6438,56,226.6,1399.4082,0,2.0184
1682154900000,6.174,6.193,6.174,6.187,1596.0,1682155199999,9873.4276,145,706.2,4367.1644,0,2.0358
1682155200000,6.179,6.182,6.177,6.177,373.6,1682155499999,2308.4838,61,119.1,736.0754,0,2.0395
1682155500000,6.177,6.179,6.175,6.179,238.0,1682155799999,1470.1285,21,101.8,628.8125,0,2.0479
1682155800000,6.18,6.185,6.179,6.184,553.7,1682156099999,3423.2279,46,260.8,1612.1677,0,2.0694
1682156100000,6.185,6.204,6.185,6.203,1327.6,1682156399999,8225.188,98,811.4,5028.317,0,2.0525
1682156400000,6.203,6.204,6.203,6.204,192.4,1682156699999,1193.5785,13,121.3,752.5452,0,2.0525
1682156700000,6.204,6.204,6.192,6.194,745.4,1682156999999,4620.9771,72,185.9,1151.7334,0,2.0488
1682157000000,6.194,6.194,6.179,6.179,493.5,1682157299999,3050.3406,30,258.9,1600.0292,0,2.0441
1682157300000,6.179,6.188,6.178,6.185,1183.0,1682157599999,7312.0226,68,795.0,4913.3517,0,2.046
1682157600000,6.184,6.199,6.184,6.197,3307.4,1682157899999,20484.4079,161,2732.0,16921.047,0,2.0441
1682157900000,6.191,6.191,6.184,6.185,1096.5,1682158199999,6782.0558,63,658.0,4069.7363,0,2.0377
1682158200000,6.185,6.243,6.184,6.208,9167.7,1682158499999,56901.0186,355,7608.3,47213.4562,0,2.0713
1682158500000,6.207,6.207,6.186,6.192,980.5,1682158799999,6074.984,68,381.9,2364.942,0,2.0665
1682158800000,6.193,6.194,6.185,6.194,1628.1,1682159099999,10081.0635,47,173.2,1071.7277,0,2.0166
1682159100000,6.194,6.199,6.189,6.196,506.3,1682159399999,3136.1861,29,390.6,2419.4086,0,2.0488
1682159400000,6.194,6.218,6.193,6.211,1669.8,1682159699999,10359.0192,122,799.0,4959.4948,0,2.0703
1682159700000,6.211,6.213,6.189,6.189,596.4,1682159999999,3702.9216,52,292.2,1814.5825,0,2.0703
1682160000000,6.188,6.195,6.187,6.188,473.1,1682160299999,2928.8376,84,203.9,1261.7493,0,2.0769
1682160300000,6.19,6.195,6.187,6.189,930.4,1682160599999,5758.7553,164,174.1,1078.0702,0,2.095
1682160600000,6.19,6.195,6.184,6.186,837.2,1682160899999,5178.9217,117,254.4,1573.6494,0,2.1056
1682160900000,6.186,6.214,6.186,6.207,1585.9,1682161199999,9832.4051,175,462.2,2865.7344,0,2.126
1682161200000,6.207,6.214,6.207,6.214,674.0,1682161499999,4186.7802,59,383.8,2384.0489,0,2.1358
1682161500000,6.213,6.213,6.201,6.205,1641.4,1682161799999,10187.7779,47,517.3,3209.2128,0,2.1289
1682161800000,6.205,6.206,6.205,6.206,415.6,1682162099999,2578.968,10,413.7,2567.1785,0,2.1056
1682162100000,6.205,6.217,6.205,6.217,2476.7,1682162399999,15374.6448,61,1558.1,9674.7318,0,2.1017
1682162400000,6.217,6.217,6.201,6.201,606.0,1682162699999,3761.4969,28,149.4,926.527,0,2.1124
1682162700000,6.204,6.215,6.204,6.21,422.6,1682162999999,2624.0667,14,402.9,2501.7297,0,2.1124
1682163000000,6.21,6.211,6.205,6.21,1187.2,1682163299999,7369.3659,58,254.9,1582.6743,0,2.1417
1682163300000,6.21,6.21,6.197,6.198,877.1,1682163599999,5440.6396,102,599.3,3716.9909,0,2.1368
1682163600000,6.197,6.211,6.193,6.21,2545.0,1682163899999,15776.532,172,1579.1,9788.1389,0,2.1626
1682163900000,6.211,6.216,6.203,6.21,2257.2,1682164199999,14011.5611,236,449.1,2788.7863,0,2.1817
1682164200000,6.211,6.214,6.206,6.21,741.4,1682164499999,4602.9527,69,124.0,769.927,0,2.231
1682164500000,6.206,6.221,6.204,6.211,2048.1,1682164799999,12722.732,263,1585.0,9846.1206,0,2.2457
1682164800000,6.21,6.231,6.209,6.231,8828.8,1682165099999,54915.2996,486,3988.5,24814.1781,0,2.0921
1682165100000,6.231,6.283,6.23,6.273,10222.9,1682165399999,64011.6895,669,6065.5,37980.1975,0,2.2733
1682165400000,6.275,6.275,6.216,6.245,6957.9,1682165699999,43435.2758,268,2978.5,18612.4811,0,1.9735
1682165700000,6.247,6.247,6.224,6.233,3055.3,1682165999999,19049.7233,199,1338.9,8340.1636,0,2.1056
1682166000000,6.228,6.236,6.221,6.225,1878.2,1682166299999,11694.273,207,590.0,3673.91,0,2.1299
1682166300000,6.227,6.232,6.226,6.227,495.9,1682166599999,3088.2724,55,369.5,2301.2175,0,2.1766
1682166600000,6.226,6.23,6.225,6.225,348.7,1682166899999,2171.3479,38,296.3,1845.1094,0,2.1716
1682166900000,6.225,6.228,6.223,6.228,1469.9,1682167199999,9149.2778,55,641.2,3991.5345,0,2.1666
1682167200000,6.228,6.228,6.214,6.224,2003.8,1682167499999,12461.5542,199,562.3,3497.2671,0,2.1686
1682167500000,6.219,6.224,6.206,6.208,2712.0,1682167799999,16849.2809,215,805.9,5007.2537,0,2.2279
1682167800000,6.208,6.243,6.208,6.238,3354.2,1682168099999,20904.8813,330,2371.2,14776.5119,0,2.2669
1682168100000,6.237,6.237,6.215,6.235,2632.1,1682168399999,16381.4679,357,1086.2,6764.0482,0,2.0741
1682168400000,6.234,6.238,6.223,6.228,2896.2,1682168699999,18043.01,228,1879.2,11708.175,0,2.23
1682168700000,6.227,6.263,6.226,6.258,4056.0,1682168999999,25335.1674,434,2580.9,16126.1927,0,2.2616
1682169000000,6.256,6.276,6.236,6.274,5455.2,1682169299999,34138.3035,204,3940.8,24664.329,0,2.0506
1682169300000,6.276,6.286,6.248,6.25,3695.2,1682169599999,23154.4197,170,1930.7,12090.6866,0,2.1328
1682169600000,6.25,6.25,6.22,6.225,6568.9,1682169899999,40939.1392,135,1482.9,9233.7014,0,2.124
1682169900000,6.219,6.225,6.205,6.212,4917.2,1682170199999,30545.0132,306,1789.3,11116.5377,0,2.1447
1682170200000,6.205,6.213,6.184,6.189,9823.8,1682170499999,60878.993,509,2826.5,17533.3023,0,2.2144
1682170500000,6.187,6.199,6.187,6.188,1844.4,1682170799999,11423.4977,167,1150.1,7123.2955,0,2.3124
1682170800000,6.188,6.197,6.187,6.191,1196.2,1682171099999,7405.7612,138,1011.1,6260.0796,0,2.1888
1682171100000,6.19,6.197,6.188,6.192,1491.2,1682171399999,9235.4188,63,653.1,4044.7996,0,2.1526
1682171400000,6.191,6.205,6.191,6.194,1049.0,1682171699999,6503.8077,79,853.4,5291.6381,0,2.1576
1682171700000,6.194,6.201,6.191,6.193,783.3,1682171999999,4852.2166,124,455.7,2823.5531,0,2.1526
1682172000000,6.193,6.201,6.192,6.201,1842.6,1682172299999,11418.0945,109,1547.1,9586.3329,0,2.1437
1682172300000,6.201,6.201,6.186,6.199,3254.0,1682172599999,20156.7717,295,840.0,5204.4327,0,2.124
1682172600000,6.192,6.201,6.184,6.19,1976.8,1682172899999,12240.0489,244,1684.8,10432.4562,0,2.3367
1682172900000,6.19,6.21,6.19,6.199,4364.3,1682173199999,27071.7697,127,2317.6,14368.713,0,2.1716
1682173200000,6.198,6.24,6.198,6.234,2888.7,1682173499999,17966.7825,143,1868.6,11615.7044,0,2.1786
1682173500000,6.234,6.234,6.231,6.232,1827.2,1682173799999,11390.0456,65,1259.7,7852.9242,0,2.1456
1682173800000,6.231,6.231,6.208,6.224,4223.4,1682174099999,26249.8295,217,2415.7,15015.4296,0,2.1486
1682174100000,6.224,6.229,6.202,6.203,5074.5,1682174399999,31543.334,345,1126.1,6998.4248,0,2.1319
1682174400000,6.203,6.245,6.203,6.231,2426.9,1682174699999,15116.6115,272,1668.0,10382.8673,0,2.3761
1682174700000,6.231,6.251,6.223,6.251,2378.1,1682174999999,14834.765,222,1834.6,11442.2475,0,2.202
1682175000000,6.251,6.288,6.242,6.285,3483.3,1682175299999,21860.2003,283,1983.9,12447.4122,0,2.1456
1682175300000,6.285,6.285,6.261,6.283,5666.3,1682175599999,35551.6609,374,1804.7,11322.0811,0,2.1066
1682175600000,6.283,6.337,6.283,6.316,8588.6,1682175899999,54184.253,679,5116.4,32274.5741,0,2.2982
1682175900000,6.316,6.316,6.267,6.275,6560.1,1682176199999,41205.7641,200,1825.4,11470.9944,0,2.1114
1682176200000,6.277,6.293,6.277,6.293,2645.7,1682176499999,16625.8096,267,1117.2,7020.3595,0,2.2175
1682176500000,6.293,6.357,6.293,6.336,10007.9,1682176799999,63244.8826,572,8234.6,52029.6044,0,2.2648
1682176800000,6.336,6.336,6.295,6.305,6746.7,1682177099999,42568.05,515,2470.5,15580.5812,0,2.0303
1682177100000,6.3,6.311,6.29,6.305,2574.9,1682177399999,16220.3303,341,659.6,4156.7877,0,2.2362
1682177400000,6.305,6.341,6.3,6.335,5846.1,1682177699999,37008.2621,423,3698.4,23411.6723,0,2.3135
1682177700000,6.329,6.329,6.304,6.304,2022.3,1682177999999,12767.4634,237,495.3,3127.3953,0,2.123
1682178000000,6.306,6.334,6.306,6.312,5150.0,1682178299999,32551.4081,293,2388.3,15101.7674,0,2.3003
1682178300000,6.311,6.311,6.292,6.303,3137.0,1682178599999,19766.9257,377,1490.6,9396.0739,0,2.1328
1682178600000,6.304,6.335,6.303,6.333,3727.2,1682178899999,23563.1307,340,3025.2,19126.3946,0,2.268
1682178900000,6.333,6.333,6.31,6.313,2891.1,1682179199999,18260.034,286,1005.5,6352.3321,0,2.0581
1682179200000,6.313,6.32,6.307,6.318,4275.7,1682179499999,26989.1696,346,2594.7,16378.5857,0,2.2206
1682179500000,6.318,6.369,6.318,6.359,6890.0,1682179799999,43715.5673,416,4691.8,29774.2559,0,2.252
1682179800000,6.358,6.358,6.342,6.353,3753.8,1682180099999,23821.1253,313,1132.6,7188.2165,0,2.0432
1682180100000,6.353,6.391,6.353,6.383,9307.2,1682180399999,59330.1987,477,4094.1,26106.7169,0,2.2373
1682180400000,6.383,6.383,6.351,6.354,3348.0,1682180699999,21297.9143,252,934.3,5945.9125,0,2.0807
1682180700000,6.35,6.402,6.339,6.369,6875.4,1682180999999,43792.8032,474,4359.5,27768.2231,0,2.268
1682181000000,6.369,6.369,6.347,6.348,3589.7,1682181299999,22819.4928,359,1219.9,7759.7933,0,2.0807
1682181300000,6.348,6.382,6.348,6.355,4493.6,1682181599999,28604.5338,278,2823.4,17983.575,0,2.2373
1682181600000,6.356,6.398,6.353,6.391,5090.7,1682181899999,32494.7505,410,3319.4,21190.5328,0,2.2916
1682181900000,6.397,6.397,6.343,6.356,5444.4,1682182199999,34642.0039,291,1410.5,8959.5108,0,2.0779
1682182200000,6.355,6.355,6.333,6.345,3138.8,1682182499999,19922.2548,259,1056.8,6707.7667,0,2.2134
1682182500000,6.343,6.343,6.335,6.336,1753.6,1682182799999,11113.7404,65,1479.9,9379.1571,0,2.2563
1682182800000,6.336,6.337,6.308,6.314,5756.2,1682183099999,36395.7644,272,1558.4,9865.8652,0,2.1626
1682183100000,6.314,6.331,6.311,6.327,3549.2,1682183399999,22445.7109,212,830.1,5251.7335,0,2.1486
1682183400000,6.327,6.349,6.327,6.349,1591.9,1682183699999,10089.6555,82,1221.4,7741.5464,0,2.252
1682183700000,6.349,6.35,6.349,6.35,599.6,1682183999999,3807.1429,71,426.6,2708.7659,0,2.1486
1682184000000,6.35,6.372,6.35,6.363,2990.6,1682184299999,19024.1372,198,2131.1,13554.437,0,2.1486
1682184300000,6.363,6.368,6.352,6.366,1914.5,1682184599999,12180.6177,231,1005.7,6400.2225,0,2.1417
1682184600000,6.364,6.37,6.339,6.348,3810.5,1682184899999,24220.043,260,1018.1,6472.8839,0,2.1114
1682184900000,6.348,6.363,6.333,6.337,5056.0,1682185199999,32097.2897,306,1692.6,10751.5062,0,2.2906
1682185200000,6.337,6.346,6.332,6.332,2049.3,1682185499999,12987.0531,216,537.2,3406.1353,0,2.1486
1682185500000,6.333,6.348,6.333,6.337,2407.5,1682185799999,15269.4266,186,1746.4,11075.3668,0,2.3135
1682185800000,6.337,6.351,6.337,6.346,3225.5,1682186099999,20470.7436,270,2203.1,13984.6938,0,2.1918
1682186100000,6.349,6.349,6.337,6.346,1579.8,1682186399999,10023.088,174,570.6,3620.8466,0,2.1114
1682186400000,6.345,6.362,6.345,6.352,3276.8,1682186699999,20815.178,287,2078.5,13201.5052,0,2.2468
1682186700000,6.352,6.352,6.319,6.322,2308.9,1682186999999,14611.7261,306,369.7,2340.7278,0,2.0845
1682187000000,6.322,6.333,6.309,6.332,1743.9,1682187299999,11022.7702,66,641.9,4061.2786,0,2.269
1682187300000,6.332,6.332,6.295,6.298,4356.9,1682187599999,27490.8223,169,764.3,4825.761,0,2.2
1682187600000,6.299,6.329,6.294,6.297,6884.4,1682187899999,43499.7463,277,2610.8,16500.6779,0,2.2082
1682187900000,6.298,6.307,6.298,6.305,215.8,1682188199999,1360.4212,20,127.9,806.2117,0,2.2701
1682188200000,6.305,6.305,6.295,6.295,668.5,1682188499999,4210.7435,57,367.8,2316.5872,0,2.2248
1682188500000,6.295,6.295,6.264,6.267,2791.4,1682188799999,17515.2017,93,869.8,5465.3652,0,2.2154
1682188800000,6.267,6.292,6.267,6.291,2945.9,1682189099999,18516.8548,98,1743.1,10953.6284,0,2.2082
1682189100000,6.294,6.295,6.291,6.294,726.3,1682189399999,4571.4938,42,492.3,3098.848,0,2.2531
1682189400000,6.294,6.295,6.294,6.294,382.1,1682189699999,2405.0607,12,123.3,776.1735,0,2.2342
1682189700000,6.295,6.31,6.29,6.296,3263.0,1682189999999,20548.0719,96,1328.8,8371.6488,0,2.2237
1682190000000,6.301,6.308,6.296,6.305,1218.4,1682190299999,7682.2822,85,681.9,4299.6376,0,2.2279
1682190300000,6.305,6.306,6.294,6.304,797.3,1682190599999,5024.5898,34,310.8,1957.633,0,2.2404
1682190600000,6.305,6.325,6.305,6.324,2091.3,1682190899999,13204.7679,78,1190.5,7515.8084,0,2.2362
1682190900000,6.323,6.323,6.313,6.314,489.4,1682191199999,3093.3502,50,169.1,1069.0802,0,2.252
1682191200000,6.314,6.322,6.309,6.31,1543.9,1682191499999,9750.5604,50,1080.1,6820.1313,0,2.2478
1682191500000,6.316,6.322,6.308,6.319,1269.6,1682191799999,8020.1776,49,932.0,5888.3225,0,2.2362
1682191800000,6.32,6.321,6.311,6.311,617.0,1682192099999,3898.0313,68,218.1,1377.5565,0,2.201
1682192100000,6.308,6.31,6.302,6.308,616.2,1682192399999,3886.4394,40,308.0,1942.849,0,2.2154
1682192400000,6.308,6.308,6.301,6.302,323.0,1682192699999,2036.0897,23,69.8,439.8796,0,2.2425
1682192700000,6.302,6.319,6.301,6.316,1361.2,1682192999999,8586.073,96,837.2,5281.407,0,2.2499
1682193000000,6.315,6.322,6.293,6.311,5294.0,1682193299999,33382.4911,191,1921.6,12128.1325,0,2.2373
1682193300000,6.31,6.31,6.29,6.298,2225.4,1682193599999,14023.9121,100,1020.4,6429.6561,0,2.2165
1682193600000,6.3,6.307,6.298,6.301,1686.5,1682193899999,10626.9247,117,829.2,5225.0484,0,2.2258
1682193900000,6.303,6.308,6.301,6.302,515.3,1682194199999,3249.9645,24,50.8,320.252,0,2.2248
1682194200000,6.302,6.303,6.302,6.303,532.2,1682194499999,3354.4292,21,504.8,3181.7544,0,2.198
1682194500000,6.307,6.319,6.307,6.318,2458.2,1682194799999,15518.9326,73,2022.5,12769.8282,0,2.198
1682194800000,6.317,6.317,6.292,6.3,3255.7,1682195099999,20509.0228,162,906.7,5711.1421,0,2.1959
1682195100000,6.299,6.299,6.277,6.291,3494.7,1682195399999,21968.2376,113,727.6,4576.8365,0,2.1928
1682195400000,6.291,6.292,6.278,6.28,960.2,1682195699999,6035.9446,85,540.5,3397.226,0,2.2103
1682195700000,6.281,6.288,6.28,6.287,634.7,1682195999999,3986.9648,47,262.1,1646.4479,0,2.2248
1682196000000,6.288,6.289,6.288,6.289,858.2,1682196299999,5396.4072,23,45.6,286.7784,0,2.2175
1682196300000,6.288,6.289,6.28,6.283,1570.8,1682196599999,9871.3701,141,595.2,3740.148,0,2.2362
1682196600000,6.283,6.302,6.283,6.3,2719.7,1682196899999,17119.6872,99,2180.4,13727.6679,0,2.2531
1682196900000,6.3,6.301,6.29,6.29,469.3,1682197199999,2955.2817,45,148.2,932.8109,0,2.2436
1682197200000,6.29,6.29,6.268,6.277,2402.0,1682197499999,15077.7743,94,1363.1,8553.4814,0,2.2531
1682197500000,6.277,6.277,6.266,6.276,429.0,1682197799999,2691.4005,25,163.5,1025.7503,0,2.2289
1682197800000,6.276,6.277,6.276,6.276,195.6,1682198099999,1227.7297,17,144.1,904.5157,0,2.2154
1682198100000,6.277,6.277,6.265,6.269,948.2,1682198399999,5945.8825,50,507.6,3182.0871,0,2.2165
1682198400000,6.269,6.269,6.243,6.265,5691.9,1682198699999,35608.4771,119,451.4,2825.7441,0,2.2062
1682198700000,6.266,6.267,6.263,6.266,842.8,1682198999999,5279.4035,34,681.9,4271.4531,0,2.2134
1682199000000,6.263,6.268,6.252,6.253,1389.1,1682199299999,8694.447,82,338.0,2117.124,0,2.2373
1682199300000,6.254,6.288,6.254,6.277,3636.8,1682199599999,22835.3456,148,2410.4,15130.0582,0,2.2552
1682199600000,6.285,6.296,6.285,6.296,1595.1,1682199899999,10037.2267,98,705.5,4439.1486,0,2.2373
1682199900000,6.296,6.297,6.296,6.296,953.6,1682200199999,6004.3091,39,443.5,2792.7195,0,2.2279
1682200200000,6.296,6.296,6.271,6.289,1892.9,1682200499999,11895.9,67,677.1,4253.2662,0,2.2196
1682200500000,6.289,6.3,6.289,6.299,376.7,1682200799999,2370.9855,26,193.1,1215.1342,0,2.2175
1682200800000,6.299,6.306,6.299,6.306,1908.8,1682201099999,12029.7221,106,1622.4,10225.0142,0,2.2489
1682201100000,6.306,6.33,6.305,6.33,2088.5,1682201399999,13188.2737,121,1108.9,7001.1943,0,2.2362
1682201400000,6.331,6.4,6.33,6.365,10735.0,1682201699999,68260.961,518,7558.0,48076.5062,0,2.2165
1682201700000,6.364,6.364,6.354,6.357,2589.5,1682201999999,16462.5762,268,1955.8,12433.7662,0,2.2051
1682202000000,6.356,6.356,6.328,6.344,2382.8,1682202299999,15101.1003,285,627.1,3975.8702,0,2.1124
1682202300000,6.344,6.392,6.344,6.37,8538.3,1682202599999,54397.0246,269,6789.1,43253.7118,0,2.269
1682202600000,6.369,6.369,6.321,6.35,10875.2,1682202899999,68911.2753,528,5641.1,35721.1943,0,2.1407
1682202900000,6.349,6.349,6.315,6.346,3642.4,1682203199999,23058.0628,326,1289.2,8160.3711,0,2.06
1682203200000,6.346,6.361,6.346,6.361,2146.3,1682203499999,13632.8846,156,568.6,3612.8618,0,2.251
1682203500000,6.361,6.374,6.358,6.371,3196.3,1682203799999,20348.3778,289,2313.1,14725.5182,0,2.1377
1682203800000,6.371,6.371,6.362,6.369,1770.0,1682204099999,11271.2623,84,811.3,5165.3936,0,2.0902
1682204100000,6.371,6.4,6.371,6.39,4369.8,1682204399999,27905.7017,261,2697.6,17235.3693,0,2.198
1682204400000,6.39,6.393,6.355,6.373,4764.6,1682204699999,30320.5772,179,2385.5,15169.2789,0,2.201
1682204700000,6.368,6.372,6.363,6.367,1084.2,1682204999999,6902.2526,172,410.4,2613.4102,0,2.1706
1682205000000,6.369,6.388,6.369,6.382,2295.3,1682205299999,14646.7135,187,1412.2,9011.2673,0,2.2425
1682205300000,6.381,6.384,6.373,6.384,1445.8,1682205599999,9218.5224,75,832.1,5306.4707,0,2.1133
1682205600000,6.381,6.381,6.365,6.365,1325.9,1682205899999,8451.3885,56,534.4,3406.5776,0,2.1776
1682205900000,6.366,6.372,6.366,6.372,467.3,1682206199999,2974.9124,18,463.3,2949.4284,0,2.1797
1682206200000,6.371,6.426,6.366,6.41,5505.9,1682206499999,35228.6552,221,4312.5,27589.5716,0,2.1827
1682206500000,6.412,6.416,6.403,6.405,3432.6,1682206799999,21994.4512,118,2348.9,15052.6768,0,2.1817
1682206800000,6.406,6.408,6.401,6.405,1154.9,1682207099999,7394.9085,67,500.2,3202.6685,0,2.1476
1682207100000,6.407,6.407,6.405,6.405,561.7,1682207399999,3598.2541,30,324.3,2077.5471,0,2.125
1682207400000,6.406,6.424,6.403,6.414,2735.4,1682207699999,17547.2057,144,1104.6,7085.122,0,2.1437
1682207700000,6.416,6.421,6.409,6.416,1032.5,1682207999999,6621.819,93,577.6,3704.79,0,2.1387
1682208000000,6.416,6.448,6.401,6.445,9185.4,1682208299999,58958.1282,478,4760.4,30553.5018,0,2.1686
1682208300000,6.445,6.445,6.403,6.411,8108.4,1682208599999,52014.8107,269,3276.2,21003.8865,0,2.2154
1682208600000,6.411,6.411,6.394,6.406,2502.3,1682208899999,16030.0918,136,1296.2,8303.799,0,2.1456
1682208900000,6.407,6.407,6.406,6.406,751.9,1682209199999,4816.9182,105,246.8,1581.2476,0,2.2394
1682209200000,6.407,6.432,6.406,6.427,4072.7,1682209499999,26140.7203,337,2908.9,18670.8757,0,2.2425
1682209500000,6.427,6.427,6.349,6.357,9282.4,1682209799999,59233.4616,519,1765.9,11273.1098,0,2.046
1682209800000,6.357,6.389,6.291,6.291,17793.8,1682210099999,112874.4208,547,3559.9,22612.4662,0,2.2175
1682210100000,6.297,6.329,6.297,6.329,7539.6,1682210399999,47649.5309,372,4353.3,27515.5254,0,2.23
1682210400000,6.328,6.409,6.328,6.392,15923.6,1682210699999,101463.6981,680,13011.1,82881.5713,0,2.3069
1682210700000,6.392,6.392,6.341,6.342,5984.7,1682210999999,38018.0764,284,2299.9,14598.4653,0,2.0479
1682211000000,6.342,6.346,6.341,6.345,3355.3,1682211299999,21281.1165,214,1212.9,7692.4868,0,2.1566
1682211300000,6.346,6.346,6.325,6.326,3518.4,1682211599999,22298.8449,198,560.0,3551.9821,0,2.2227
1682211600000,6.325,6.358,6.323,6.351,5200.1,1682211899999,32971.0575,203,3138.4,19888.1326,0,2.2701
1682211900000,6.353,6.36,6.338,6.338,2966.7,1682212199999,18850.679,173,745.4,4738.9368,0,2.1299
1682212200000,6.346,6.381,6.343,6.379,3843.9,1682212499999,24472.9683,408,2781.5,17710.0978,0,2.2841
1682212500000,6.377,6.377,6.344,6.358,2363.8,1682212799999,15023.681,214,735.8,4673.0971,0,2.0534
1682212800000,6.358,6.359,6.342,6.357,1131.1,1682213099999,7184.0667,188,424.4,2695.8619,0,2.1898
1682213100000,6.35,6.363,6.35,6.353,705.6,1682213399999,4484.9671,124,93.4,593.7791,0,2.2134
1682213400000,6.354,6.355,6.35,6.35,694.6,1682213699999,4411.6387,75,241.7,1535.3293,0,2.2175
1682213700000,6.35,6.35,6.338,6.339,911.9,1682213999999,5785.8999,91,340.1,2156.7362,0,2.2342
1682214000000,6.339,6.339,6.313,6.313,2389.3,1682214299999,15103.9061,210,1992.0,12592.1682,0,2.2457
1682214300000,6.313,6.343,6.301,6.33,6524.5,1682214599999,41252.6718,366,4808.6,30406.5776,0,2.0769
1682214600000,6.33,6.33,6.324,6.325,1945.9,1682214899999,12307.4311,36,1399.3,8850.5725,0,2.2175
1682214900000,6.332,6.342,6.328,6.328,2162.3,1682215199999,13693.9216,85,692.0,4383.4117,0,2.2062
1682215200000,6.329,6.332,6.328,6.332,1664.3,1682215499999,10532.4019,60,456.3,2887.9227,0,2.2113
1682215500000,6.332,6.333,6.332,6.332,206.5,1682215799999,1307.5669,15,8.9,56.3637,0,2.2154
1682215800000,6.333,6.333,6.325,6.325,858.1,1682216099999,5432.2415,17,87.3,552.8709,0,2.1596
1682216100000,6.326,6.326,6.281,6.294,6039.6,1682216399999,38039.4048,210,808.0,5091.5866,0,2.1596
1682216400000,6.293,6.299,6.276,6.282,3549.0,1682216699999,22304.4813,245,2013.8,12655.8004,0,2.1666
1682216700000,6.282,6.3,6.282,6.292,1292.3,1682216999999,8133.6503,162,721.3,4539.0177,0,2.269
1682217000000,6.293,6.302,6.286,6.302,733.1,1682217299999,4614.7795,49,508.0,3198.1825,0,2.1377
1682217300000,6.302,6.311,6.302,6.31,777.8,1682217599999,4906.0755,37,343.1,2164.23,0,2.1536
1682217600000,6.31,6.312,6.31,6.312,315.1,1682217899999,1988.5373,42,71.9,453.7609,0,2.1646
1682217900000,6.312,6.313,6.312,6.312,1102.8,1682218199999,6961.0512,61,177.6,1121.1888,0,2.1606
1682218200000,6.313,6.313,6.312,6.312,230.2,1682218499999,1453.129,17,106.6,672.9658,0,2.1646
1682218500000,6.313,6.313,6.312,6.312,940.4,1682218799999,5936.4208,19,616.0,3888.808,0,2.1626
1682218800000,6.312,6.32,6.3,6.32,3916.4,1682219099999,24705.7771,106,1859.0,11722.8036,0,2.1696
1682219100000,6.319,6.32,6.295,6.297,1924.8,1682219399999,12141.7563,77,375.3,2364.4218,0,2.1666
1682219400000,6.298,6.308,6.298,6.304,398.7,1682219699999,2513.9643,24,132.6,835.6503,0,2.2175
1682219700000,6.304,6.304,6.303,6.304,377.3,1682219999999,2378.2073,20,85.4,538.3616,0,2.199
1682220000000,6.304,6.304,6.3,6.304,1538.9,1682220299999,9697.9934,39,910.8,5739.5135,0,2.2082
1682220300000,6.303,6.343,6.303,6.34,3255.4,1682220599999,20598.282,116,2004.6,12688.8555,0,2.2082
1682220600000,6.34,6.341,6.336,6.337,1353.7,1682220899999,8581.5474,70,698.4,4427.5436,0,2.1918
1682220900000,6.336,6.336,6.324,6.328,863.9,1682221199999,5467.5098,36,407.7,2579.9478,0,2.1626
1682221200000,6.328,6.329,6.309,6.321,1065.4,1682221499999,6727.9753,56,303.1,1914.8765,0,2.1676
1682221500000,6.319,6.319,6.3,6.302,1352.7,1682221799999,8532.0919,51,345.8,2181.1716,0,2.1716
1682221800000,6.302,6.303,6.297,6.299,1352.5,1682222099999,8519.0331,72,281.7,1774.5094,0,2.202
1682222100000,6.3,6.304,6.297,6.297,376.2,1682222399999,2369.6208,28,96.5,607.908,0,2.2457
1682222400000,6.298,6.317,6.298,6.311,3638.4,1682222699999,22947.6622,158,1789.5,11289.0593,0,2.2154
1682222700000,6.31,6.311,6.31,6.311,1427.0,1682222999999,9005.1239,124,753.9,4757.8629,0,2.2196
1682223000000,6.311,6.311,6.301,6.31,3008.3,1682223299999,18981.0371,217,305.4,1927.1405,0,2.1075
1682223300000,6.31,6.321,6.31,6.317,2459.4,1682223599999,15526.9576,162,1725.4,10893.1926,0,2.2884
1682223600000,6.322,6.325,6.321,6.322,1933.6,1682223899999,12223.0296,151,178.8,1130.3736,0,2.1201
1682223900000,6.322,6.342,6.322,6.34,3854.7,1682224199999,24422.2016,313,2177.7,13795.9164,0,2.2895
1682224200000,6.34,6.341,6.338,6.338,3439.1,1682224499999,21803.0614,151,1076.2,6822.5268,0,2.0941
1682224500000,6.338,6.348,6.338,6.346,2970.3,1682224799999,18831.7387,205,2322.6,14724.4072,0,2.2616
1682224800000,6.345,6.345,6.32,6.324,5498.9,1682225099999,34795.2593,342,1321.0,8356.686,0,2.0562
1682225100000,6.324,6.33,6.324,6.329,564.0,1682225399999,3569.4705,56,218.5,1382.8581,0,2.252
1682225400000,6.329,6.341,6.316,6.333,3488.9,1682225699999,22091.2895,433,2318.7,14684.2231,0,2.1516
1682225700000,6.333,6.336,6.328,6.336,3177.6,1682225999999,20123.5945,53,346.1,2192.0909,0,2.1447
1682226000000,6.335,6.336,6.335,6.335,713.7,1682226299999,4521.4082,41,118.7,752.0832,0,2.1407
1682226300000,6.335,6.335,6.335,6.335,1277.3,1682226599999,8091.6955,40,0.0,0.0,0,2.1586
1682226600000,6.335,6.336,6.32,6.322,5821.5,1682226899999,36832.2836,150,1615.9,10216.2835,0,2.1496
1682226900000,6.323,6.334,6.323,6.324,2439.0,1682227199999,15436.113,187,821.8,5199.7232,0,2.1377
1682227200000,6.324,6.336,6.311,6.336,2984.0,1682227499999,18869.6811,282,2207.8,13960.552,0,2.2744
1682227500000,6.335,6.335,6.335,6.335,997.9,1682227799999,6321.6965,49,0.0,0.0,0,2.0581
1682227800000,6.335,6.352,6.335,6.35,2262.1,1682228099999,14348.3661,103,895.4,5674.2103,0,2.1606
1682228100000,6.352,6.361,6.351,6.357,2745.5,1682228399999,17453.2565,114,1026.7,6527.1796,0,2.1427
1682228400000,6.357,6.357,6.322,6.324,4983.1,1682228699999,31570.7633,145,2219.5,14058.2078,0,2.1586
1682228700000,6.329,6.347,6.329,6.34,2194.3,1682228999999,13914.3326,193,577.8,3663.1132,0,2.1536
1682229000000,6.34,6.341,6.34,6.341,650.0,1682229299999,4121.4235,23,423.5,2685.4135,0,2.2227
1682229300000,6.343,6.343,6.33,6.336,1128.6,1682229599999,7152.1055,34,472.0,2988.0303,0,2.2
1682229600000,6.338,6.383,6.338,6.367,8110.2,1682229899999,51660.1768,380,4170.5,26561.9578,0,2.1656
1682229900000,6.369,6.369,6.363,6.369,2562.3,1682230199999,16317.8234,162,1918.0,12215.2665,0,2.1949
1682230200000,6.368,6.391,6.368,6.382,3254.9,1682230499999,20766.5103,208,2067.1,13185.6262,0,2.095
1682230500000,6.386,6.419,6.38,6.405,6093.8,1682230799999,38984.5849,245,3691.2,23615.1905,0,2.0817
1682230800000,6.409,6.409,6.379,6.384,2223.3,1682231099999,14208.7874,213,1051.6,6715.1618,0,2.1075
1682231100000,6.385,6.396,6.385,6.396,363.5,1682231399999,2322.101,24,236.7,1512.0456,0,2.0581
1682231400000,6.395,6.395,6.376,6.386,2673.1,1682231699999,17057.1307,85,1418.4,9045.8369,0,2.0581
1682231700000,6.384,6.385,6.378,6.379,579.4,1682231999999,3698.3121,33,138.7,884.8997,0,2.0731
1682232000000,6.379,6.394,6.378,6.388,1250.6,1682232299999,7983.8442,49,939.0,5994.6816,0,2.0969
1682232300000,6.384,6.384,6.346,6.355,3688.9,1682232599999,23458.7518,160,628.2,3993.1933,0,2.0902
1682232600000,6.355,6.359,6.352,6.352,2819.3,1682232899999,17914.5393,117,241.9,1537.4829,0,2.0798
1682232900000,6.352,6.352,6.347,6.348,1398.2,1682233199999,8879.2245,90,1105.4,7020.0094,0,2.1566
1682233200000,6.347,6.352,6.346,6.351,4359.9,1682233499999,27686.9797,126,1203.1,7640.758,0,2.1616
1682233500000,6.347,6.347,6.336,6.337,3259.9,1682233799999,20668.25,246,826.3,5241.1154,0,2.1566
1682233800000,6.337,6.337,6.309,6.323,4657.6,1682234099999,29454.2569,256,1268.6,8027.3427,0,2.2051
1682234100000,6.319,6.328,6.305,6.312,2122.0,1682234399999,13395.901,294,523.6,3306.3298,0,2.2362
1682234400000,6.312,6.32,6.307,6.311,2253.9,1682234699999,14227.6808,200,849.2,5363.2281,0,2.3003
1682234700000,6.313,6.329,6.309,6.31,1656.2,1682234999999,10456.6754,62,751.2,4743.6049,0,2.1636
1682235000000,6.311,6.349,6.31,6.347,4579.9,1682235299999,29043.5285,167,3315.9,21021.31,0,2.1797
1682235300000,6.347,6.349,6.343,6.347,3044.6,1682235599999,19325.578,194,1057.6,6713.454,0,2.1706
1682235600000,6.347,6.349,6.335,6.335,3841.0,1682235899999,24349.01,326,819.1,5195.9544,0,2.126
1682235900000,6.334,6.349,6.334,6.348,1489.4,1682236199999,9450.1581,173,1168.2,7411.8817,0,2.3818
1682236200000,6.348,6.352,6.342,6.351,3089.4,1682236499999,19613.3532,191,2602.4,16523.2061,0,2.2144
1682236500000,6.351,6.362,6.349,6.36,706.2,1682236799999,4488.6004,88,558.5,3549.837,0,2.1928
1682236800000,6.359,6.367,6.356,6.366,4092.0,1682237099999,26031.3401,204,2468.4,15703.481,0,2.1867
1682237100000,6.367,6.369,6.366,6.369,2660.7,1682237399999,16940.6277,53,2294.3,14608.0539,0,2.2
1682237400000,6.369,6.387,6.368,6.387,3005.9,1682237699999,19171.9074,162,2315.5,14769.3699,0,2.1867
1682237700000,6.388,6.389,6.359,6.376,3555.4,1682237999999,22677.6441,386,1800.5,11487.2285,0,2.1616
1682238000000,6.376,6.376,6.347,6.358,5971.5,1682238299999,37955.6327,332,1864.7,11845.0547,0,2.0883
1682238300000,6.358,6.36,6.338,6.35,4316.1,1682238599999,27414.3808,350,1425.4,9052.1764,0,2.2321
1682238600000,6.35,6.368,6.35,6.353,2309.9,1682238899999,14682.9167,270,1490.6,9476.8517,0,2.349
1682238900000,6.361,6.365,6.361,6.364,1744.7,1682239199999,11101.6861,61,430.4,2738.7952,0,2.1756
1682239200000,6.364,6.364,6.358,6.363,730.1,1682239499999,4644.171,38,415.7,2643.9011,0,2.198
1682239500000,6.363,6.363,6.353,6.359,819.5,1682239799999,5212.2238,53,399.7,2541.8255,0,2.2051
1682239800000,6.359,6.391,6.349,6.38,5030.5,1682240099999,32023.3084,120,4757.3,30287.5067,0,2.2072
1682240100000,6.37,6.37,6.348,6.351,1536.8,1682240399999,9769.0456,145,830.7,5278.4962,0,2.2154
1682240400000,6.351,6.353,6.35,6.353,1663.1,1682240699999,10562.7875,80,1656.7,10522.1409,0,2.1636
1682240700000,6.353,6.353,6.341,6.341,4231.8,1682240999999,26874.2694,50,91.2,579.0306,0,2.1586
1682241000000,6.341,6.342,6.34,6.341,692.1,1682241299999,4388.6606,41,437.4,2773.8179,0,2.1786
1682241300000,6.341,6.343,6.34,6.343,798.4,1682241599999,5062.5144,69,522.4,3312.5402,0,2.1536
1682241600000,6.342,6.343,6.342,6.342,181.6,1682241899999,1151.7103,16,3.1,19.6633,0,2.1447
1682241900000,6.342,6.342,6.329,6.329,1446.9,1682242199999,9162.1289,63,309.0,1956.4546,0,2.1908
1682242200000,6.33,6.33,6.324,6.325,1006.9,1682242499999,6371.1085,41,291.4,1843.5394,0,2.1888
1682242500000,6.325,6.325,6.324,6.324,928.6,1682242799999,5872.9837,40,517.3,3271.9225,0,2.2185
1682242800000,6.324,6.325,6.311,6.311,694.8,1682243099999,4391.5959,45,266.7,1686.2261,0,2.2289
1682243100000,6.312,6.333,6.311,6.328,3700.9,1682243399999,23373.943,106,3000.3,18947.2397,0,2.2258
1682243400000,6.329,6.329,6.318,6.327,986.2,1682243699999,6236.2487,43,334.8,2115.5518,0,2.2237
1682243700000,6.325,6.331,6.315,6.315,1747.1,1682243999999,11044.4582,77,904.4,5716.6657,0,2.1817
1682244000000,6.316,6.333,6.308,6.323,3404.9,1682244299999,21515.0859,131,709.1,4486.5044,0,2.2134
1682244300000,6.323,6.324,6.319,6.323,964.6,1682244599999,6097.6209,37,630.3,3983.8832,0,2.2082
1682244600000,6.323,6.336,6.319,6.336,578.7,1682244899999,3660.5947,30,332.7,2104.4985,0,2.1949
1682244900000,6.335,6.335,6.312,6.312,1236.8,1682245199999,7810.4373,63,567.8,3584.5342,0,2.1928
1682245200000,6.312,6.313,6.312,6.313,729.8,1682245499999,4606.6974,22,199.8,1261.3374,0,2.2062
1682245500000,6.312,6.312,6.286,6.286,1391.8,1682245799999,8758.8151,74,517.2,3252.616,0,2.1969
1682245800000,6.285,6.286,6.274,6.28,2781.6,1682246099999,17468.3137,104,1097.7,6893.222,0,2.2
1682246100000,6.281,6.281,6.278,6.281,672.7,1682246399999,4224.3567,35,592.7,3722.0505,0,2.1908
1682246400000,6.281,6.288,6.279,6.285,2213.8,1682246699999,13907.7372,65,388.5,2440.4911,0,2.2123
1682246700000,6.281,6.302,6.277,6.292,3481.9,1682246999999,21895.6886,193,2763.4,17380.951,0,2.2289
1682247000000,6.292,6.292,6.283,6.283,1606.3,1682247299999,10102.5641,55,1109.5,6978.6414,0,2.2552
1682247300000,6.282,6.282,6.275,6.282,865.6,1682247599999,5435.8444,118,788.0,4948.6796,0,2.1797
1682247600000,6.28,6.288,6.266,6.271,5439.2,1682247899999,34139.3071,434,2480.8,15577.841,0,2.1397
1682247900000,6.271,6.295,6.271,6.291,2607.9,1682248199999,16379.7144,187,1757.2,11038.798,0,2.3738
1682248200000,6.288,6.294,6.283,6.29,1975.9,1682248499999,12426.1845,234,1603.4,10084.7592,0,2.2123
1682248500000,6.289,6.29,6.264,6.273,3016.2,1682248799999,18928.8603,334,824.8,5178.6659,0,2.1299
1682248800000,6.273,6.279,6.266,6.277,2493.3,1682249099999,15639.8763,120,577.2,3622.1545,0,2.3367
1682249100000,6.277,6.28,6.269,6.277,1747.7,1682249399999,10962.9082,79,1009.8,6335.0975,0,2.231
1682249400000,6.275,6.279,6.263,6.278,2286.2,1682249699999,14329.9641,108,1605.9,10064.3148,0,2.2404
1682249700000,6.279,6.279,6.266,6.267,595.5,1682249999999,3734.3778,42,123.9,777.5227,0,2.2237
1682250000000,6.267,6.279,6.264,6.264,1987.0,1682250299999,12468.8214,61,531.5,3334.7097,0,2.2227
1682250300000,6.266,6.279,6.265,6.265,1193.2,1682250599999,7486.2793,67,309.7,1942.9353,0,2.2468
1682250600000,6.267,6.279,6.266,6.276,1668.1,1682250899999,10464.5516,36,1359.9,8529.9162,0,2.2468
1682250900000,6.275,6.276,6.275,6.276,588.5,1682251199999,3693.127,14,289.5,1816.902,0,2.2468
1682251200000,6.279,6.323,6.279,6.308,9813.0,1682251499999,61940.1489,407,5411.2,34145.5308,0,2.2489
1682251500000,6.307,6.308,6.298,6.308,7626.5,1682251799999,48064.2883,298,5794.2,36519.8797,0,2.2468
1682251800000,6.304,6.307,6.291,6.293,2583.6,1682252099999,16275.9469,190,586.5,3694.7182,0,2.1095
1682252100000,6.293,6.304,6.28,6.283,4250.3,1682252399999,26743.3221,326,1498.3,9436.6071,0,2.2841
1682252400000,6.283,6.299,6.276,6.287,5960.6,1682252699999,37480.698,376,1421.5,8937.8007,0,2.1162
1682252700000,6.287,6.301,6.287,6.3,1561.8,1682252999999,9837.7575,91,426.4,2685.5737,0,2.3378
1682253000000,6.299,6.3,6.289,6.3,2771.8,1682253299999,17454.4802,214,2305.4,14518.7514,0,2.231
1682253300000,6.299,6.3,6.274,6.28,2133.1,1682253599999,13416.4967,205,1189.7,7479.2223,0,2.2196
1682253600000,6.279,6.285,6.268,6.27,4928.9,1682253899999,30935.8831,117,1609.9,10111.6763,0,2.2123
1682253900000,6.27,6.282,6.27,6.276,1401.5,1682254199999,8798.731,81,669.0,4200.3354,0,2.2144
1682254200000,6.276,6.276,6.267,6.267,1216.5,1682254499999,7627.0393,37,817.9,5125.8387,0,2.2123
1682254500000,6.27,6.277,6.269,6.27,627.1,1682254799999,3932.1672,25,387.0,2426.5324,0,2.2072
1682254800000,6.269,6.269,6.237,6.239,5107.1,1682255099999,31888.9905,207,2625.8,16393.255,0,2.2031
1682255100000,6.239,6.258,6.238,6.251,1204.6,1682255399999,7529.2795,44,620.5,3876.0604,0,2.2352
1682255400000,6.25,6.25,6.216,6.231,3964.0,1682255699999,24685.7287,173,1518.5,9448.167,0,2.2468
1682255700000,6.231,6.231,6.223,6.224,1285.8,1682255999999,8005.5871,57,400.2,2492.1196,0,2.2637
1682256000000,6.224,6.257,6.223,6.252,5560.1,1682256299999,34699.7484,140,4777.5,29818.7421,0,2.2362
1682256300000,6.251,6.251,6.237,6.244,2030.7,1682256599999,12678.896,95,1285.5,8026.1344,0,2.231
1682256600000,6.243,6.243,6.224,6.229,1593.2,1682256899999,9921.9913,116,1173.9,7310.2967,0,2.2031
1682256900000,6.228,6.235,6.228,6.234,276.5,1682257199999,1722.4147,18,186.1,1159.4035,0,2.1736
1682257200000,6.232,6.254,6.229,6.252,1759.8,1682257499999,10986.783,104,1168.7,7297.2586,0,2.1847
1682257500000,6.253,6.263,6.243,6.261,3184.4,1682257799999,19912.5561,104,2005.3,12542.2878,0,2.1686
1682257800000,6.258,6.258,6.235,6.246,1778.1,1682258099999,11098.5432,65,585.5,3653.7093,0,2.2279
1682258100000,6.246,6.253,6.24,6.25,995.4,1682258399999,6216.8228,49,627.5,3919.2675,0,2.2165
1682258400000,6.25,6.254,6.25,6.252,1168.8,1682258699999,7307.9548,62,740.9,4632.7669,0,2.1837
1682258700000,6.252,6.259,6.236,6.236,4120.6,1682258999999,25756.0781,111,2672.4,16707.293,0,2.1847
1682259000000,6.236,6.246,6.235,6.24,1122.4,1682259299999,7002.1052,79,699.7,4364.1964,0,2.1939
1682259300000,6.241,6.241,6.24,6.241,469.1,1682259599999,2927.4077,35,223.7,1396.1117,0,2.1616
1682259600000,6.241,6.252,6.239,6.24,2073.5,1682259899999,12945.3312,67,738.8,4612.0189,0,2.1726
1682259900000,6.238,6.245,6.232,6.237,465.8,1682260199999,2905.5823,34,154.0,960.831,0,2.1837
1682260200000,6.236,6.261,6.236,6.261,1957.0,1682260499999,12220.5229,85,1888.2,11790.667,0,2.1908
1682260500000,6.26,6.261,6.239,6.239,706.3,1682260799999,4416.4791,39,160.4,1001.8979,0,2.1969
1682260800000,6.239,6.254,6.239,6.253,630.2,1682261099999,3935.8874,37,516.1,3222.4217,0,2.1766
1682261100000,6.253,6.253,6.207,6.246,10102.7,1682261399999,62938.1669,411,5492.8,34248.5871,0,2.2062
1682261400000,6.244,6.244,6.224,6.224,1280.0,1682261699999,7979.9387,70,237.5,1479.6295,0,2.2404
1682261700000,6.225,6.225,6.218,6.219,1192.2,1682261999999,7417.9496,61,820.7,5106.3678,0,2.2134
1682262000000,6.215,6.222,6.208,6.211,4736.8,1682262299999,29449.287,176,3328.0,20692.3831,0,2.2175
1682262300000,6.21,6.21,6.202,6.205,642.8,1682262599999,3988.6057,34,464.7,2883.3904,0,2.2321
1682262600000,6.204,6.205,6.187,6.202,3351.3,1682262899999,20775.3644,100,1162.6,7207.0995,0,2.1908
1682262900000,6.199,6.203,6.137,6.14,7157.3,1682263199999,44141.7593,242,1031.3,6375.5766,0,2.1949
1682263200000,6.14,6.182,6.14,6.179,2976.5,1682263499999,18339.8089,168,2044.8,12596.3268,0,2.1847
1682263500000,6.178,6.179,6.099,6.127,14502.1,1682263799999,88889.8821,625,2972.7,18207.4064,0,2.1969
1682263800000,6.129,6.149,6.123,6.149,4948.3,1682264099999,30347.74,239,1805.2,11072.0889,0,2.269
1682264100000,6.148,6.149,6.137,6.138,2011.7,1682264399999,12366.0884,61,159.1,978.2567,0,2.199
1682264400000,6.131,6.138,6.131,6.138,1271.8,1682264699999,7799.2678,49,991.6,6080.6902,0,2.2206
1682264700000,6.138,6.15,6.137,6.138,1723.1,1682264999999,10588.8417,94,1182.7,7267.945,0,2.2289
1682265000000,6.137,6.145,6.137,6.144,1496.5,1682265299999,9188.195,206,715.3,4392.4008,0,2.2563
1682265300000,6.15,6.152,6.145,6.145,1410.7,1682265599999,8674.9531,106,222.6,1369.049,0,2.296
1682265600000,6.148,6.153,6.144,6.149,2298.1,1682265899999,14135.4615,170,1475.6,9076.8576,0,2.2669
1682265900000,6.15,6.15,6.127,6.127,2714.4,1682266199999,16662.6246,122,1686.2,10349.8288,0,2.2446
1682266200000,6.13,6.133,6.098,6.101,2072.9,1682266499999,12674.9701,78,1107.3,6773.4926,0,2.2595
1682266500000,6.101,6.115,6.096,6.115,3420.6,1682266799999,20878.6608,127,2513.1,15341.15,0,2.2446
1682266800000,6.115,6.122,6.115,6.116,1336.9,1682267099999,8181.7973,54,235.2,1439.5444,0,2.2123
1682267100000,6.115,6.124,6.105,6.124,4071.0,1682267399999,24892.6107,113,1022.1,6254.6163,0,2.2289
1682267400000,6.124,6.152,6.124,6.152,3207.1,1682267699999,19698.8536,184,2413.3,14822.4445,0,2.2499
1682267700000,6.151,6.173,6.151,6.172,2682.5,1682267999999,16510.6944,90,2297.8,14141.5149,0,2.2563
1682268000000,6.173,6.19,6.172,6.188,4378.8,1682268299999,27066.2145,233,1395.2,8624.8527,0,2.2457
1682268300000,6.189,6.197,6.189,6.194,1294.4,1682268599999,8017.3565,126,446.6,2765.169,0,2.2552
1682268600000,6.194,6.195,6.167,6.175,6781.7,1682268899999,41954.7837,231,2391.8,14796.6716,0,2.2563
1682268900000,6.174,6.183,6.165,6.177,1788.4,1682269199999,11049.5565,99,1451.2,8966.6795,0,2.2616
1682269200000,6.175,6.175,6.162,6.164,3758.0,1682269499999,23187.8235,119,1851.6,11424.0684,0,2.2165
1682269500000,6.163,6.163,6.159,6.16,1935.7,1682269799999,11924.5213,112,1404.1,8650.0013,0,2.2051
1682269800000,6.16,6.16,6.159,6.16,937.4,1682270099999,5774.3803,49,933.7,5751.592,0,2.1576
1682270100000,6.159,6.16,6.159,6.16,419.4,1682270399999,2583.3921,35,307.5,1894.2,0,2.1447
1682270400000,6.16,6.16,6.159,6.159,1409.8,1682270699999,8683.0983,56,140.1,863.016,0,2.2394
1682270700000,6.159,6.16,6.148,6.149,1535.9,1682270999999,9446.8093,38,1219.6,7500.9099,0,2.2563
1682271000000,6.146,6.146,6.133,6.134,787.6,1682271299999,4832.0498,58,569.8,3495.7663,0,2.1959
1682271300000,6.133,6.138,6.133,6.138,349.7,1682271599999,2145.1792,17,314.7,1930.5242,0,2.2092
1682271600000,6.138,6.138,6.13,6.131,1931.4,1682271899999,11849.8558,53,378.0,2318.6231,0,2.1837
1682271900000,6.13,6.13,6.116,6.12,1246.9,1682272199999,7639.617,54,287.6,1761.4579,0,2.1928
1682272200000,6.12,6.12,6.104,6.106,1786.2,1682272499999,10916.2406,69,982.4,6003.9594,0,2.202
1682272500000,6.106,6.11,6.101,6.101,1662.5,1682272799999,10151.1549,55,925.1,5648.4922,0,2.1857
1682272800000,6.101,6.101,6.079,6.079,6404.9,1682273099999,38998.224,289,2369.8,14429.8563,0,2.1636
1682273100000,6.08,6.08,6.062,6.065,5077.9,1682273399999,30813.2935,208,3175.5,19269.0891,0,2.1626
1682273400000,6.065,6.081,6.064,6.081,2078.0,1682273699999,12622.1915,83,1023.7,6218.7462,0,2.1696
1682273700000,6.08,6.081,6.061,6.061,3759.7,1682273999999,22842.7784,88,1356.5,8236.4725,0,2.1427
1682274000000,6.06,6.065,6.048,6.065,4179.0,1682274299999,25311.7635,118,2164.1,13101.6173,0,2.1556
1682274300000,6.068,6.083,6.061,6.07,3025.8,1682274599999,18382.6371,101,2235.7,13586.5471,0,2.1878
1682274600000,6.063,6.071,6.051,6.055,2429.2,1682274899999,14722.623,155,1286.5,7798.7952,0,2.1817
1682274900000,6.055,6.059,6.047,6.05,1434.1,1682275199999,8680.7853,217,401.1,2429.1293,0,2.1328
1682275200000,6.05,6.091,6.05,6.089,3702.4,1682275499999,22504.5197,316,2075.7,12615.4395,0,2.2841
1682275500000,6.086,6.088,6.024,6.03,3754.6,1682275799999,22708.3544,298,1292.0,7820.5028,0,2.0845
1682275800000,6.03,6.031,6.009,6.019,4959.8,1682276099999,29863.1334,273,2619.5,15774.5583,0,2.2457
1682276100000,6.019,6.052,6.019,6.052,4612.3,1682276399999,27846.0122,441,3904.5,23572.2603,0,2.2669
1682276400000,6.052,6.052,6.023,6.03,2257.8,1682276699999,13630.7034,220,1154.5,6968.9419,0,1.9542
1682276700000,6.03,6.072,6.029,6.072,3869.5,1682276999999,23421.638,179,2001.9,12097.7644,0,1.9727
1682277000000,6.071,6.072,6.061,6.065,5109.0,1682277299999,31002.3938,76,1372.9,8327.7224,0,1.9806
1682277300000,6.065,6.066,6.056,6.065,4121.3,1682277599999,24990.9399,108,1309.2,7937.4078,0,1.9904
1682277600000,6.064,6.064,6.055,6.055,1404.2,1682277899999,8511.2855,58,794.8,4817.0317,0,1.9691
1682277900000,6.056,6.088,6.056,6.084,1699.1,1682278199999,10319.4918,89,695.3,4219.6283,0,1.9904
1682278200000,6.084,6.1,6.084,6.097,1849.4,1682278499999,11262.9756,140,1365.7,8318.0292,0,1.9806
1682278500000,6.095,6.128,6.091,6.128,3182.0,1682278799999,19454.4844,315,1829.4,11178.3299,0,1.9533
1682278800000,6.128,6.143,6.124,6.14,1832.5,1682279099999,11237.5111,240,909.0,5574.422,0,1.896
1682279100000,6.14,6.15,6.129,6.145,2040.7,1682279399999,12538.2755,254,773.6,4752.477,0,1.8794
1682279400000,6.145,6.163,6.145,6.156,1859.7,1682279699999,11448.3898,114,1026.5,6318.1884,0,1.8686
1682279700000,6.156,6.161,6.156,6.158,1308.5,1682279999999,8057.6495,67,215.5,1327.0396,0,1.8727
1682280000000,6.158,6.158,6.075,6.079,19606.8,1682280299999,119621.0053,628,9883.9,60263.5443,0,1.8727
1682280300000,6.079,6.112,6.074,6.107,4586.4,1682280599999,27929.6716,320,2557.3,15567.4937,0,1.862
1682280600000,6.107,6.112,6.096,6.099,1417.1,1682280899999,8647.5785,125,655.1,3996.907,0,1.9464
1682280900000,6.1,6.142,6.1,6.133,5090.4,1682281199999,31193.0661,271,2343.8,14357.7047,0,1.956
1682281200000,6.133,6.157,6.133,6.15,2093.5,1682281499999,12876.6253,97,570.1,3506.1426,0,1.963
1682281500000,6.151,6.155,6.15,6.152,1178.6,1682281799999,7251.8796,38,520.8,3204.0534,0,1.9274
1682281800000,6.153,6.164,6.15,6.151,2340.2,1682282099999,14411.2824,155,1114.8,6864.7871,0,1.9343
1682282100000,6.151,6.163,6.151,6.156,872.6,1682282399999,5373.8901,50,347.8,2142.5922,0,1.9386
1682282400000,6.156,6.16,6.143,6.147,1688.1,1682282699999,10385.1215,99,979.8,6026.7081,0,1.9087
1682282700000,6.146,6.153,6.137,6.141,2120.5,1682282999999,13031.101,133,1111.2,6829.4973,0,1.8994
1682283000000,6.139,6.156,6.139,6.141,485.9,1682283299999,2987.9041,56,386.7,2378.2118,0,1.8994
1682283300000,6.142,6.158,6.142,6.155,1285.2,1682283599999,7904.6207,122,639.6,3930.9119,0,1.8918
1682283600000,6.155,6.161,6.147,6.148,3301.9,1682283899999,20314.5299,222,1804.5,11102.2728,0,1.8827
1682283900000,6.15,6.157,6.15,6.153,826.0,1682284199999,5083.5368,56,398.1,2449.7421,0,1.876
1682284200000,6.152,6.172,6.15,6.17,1333.8,1682284499999,8224.11,97,590.2,3637.9544,0,1.8719
1682284500000,6.163,6.163,6.151,6.155,2033.1,1682284799999,12514.0671,104,1141.8,7027.7843,0,1.8777
1682284800000,6.152,6.152,6.146,6.147,2324.2,1682285099999,14292.7738,58,1317.8,8102.3747,0,1.8777
1682285100000,6.147,6.163,6.146,6.161,2374.7,1682285399999,14611.7143,116,1663.4,10231.7274,0,1.8794
1682285400000,6.154,6.16,6.151,6.159,520.2,1682285699999,3202.5942,53,331.4,2040.5422,0,1.8711
1682285700000,6.16,6.164,6.153,6.158,1436.7,1682285999999,8850.5683,91,314.0,1934.7301,0,1.8852
1682286000000,6.16,6.168,6.16,6.168,646.5,1682286299999,3985.2452,74,460.5,2838.9408,0,1.8852
1682286300000,6.168,6.182,6.168,6.178,2069.6,1682286599999,12783.2772,121,495.3,3059.3317,0,1.8944
1682286600000,6.179,6.216,6.179,6.206,2754.0,1682286899999,17070.8522,196,1567.1,9707.7263,0,1.8885
1682286900000,6.203,6.24,6.203,6.219,3827.1,1682287199999,23830.3836,208,2981.4,18567.5102,0,1.896
1682287200000,6.218,6.232,6.218,6.218,4130.7,1682287499999,25714.6204,201,1877.7,11688.7865,0,1.9011
1682287500000,6.218,6.225,6.215,6.221,1882.6,1682287799999,11710.9998,117,1052.2,6545.506,0,1.8893
1682287800000,6.22,6.233,6.219,6.219,2011.1,1682288099999,12521.4246,141,929.9,5790.1595,0,1.9019
1682288100000,6.219,6.221,6.209,6.22,1311.3,1682288399999,8151.0827,95,599.9,3728.7755,0,1.876
1682288400000,6.221,6.281,6.221,6.26,14844.6,1682288699999,92832.6553,677,8999.1,56239.1289,0,1.8785
1682288700000,6.259,6.266,6.259,6.266,1749.6,1682288999999,10958.5667,184,1128.8,7070.4201,0,1.8571
1682289000000,6.265,6.28,6.265,6.28,2222.2,1682289299999,13939.0823,165,1167.1,7320.0314,0,1.8241
1682289300000,6.281,6.332,6.28,6.332,4687.1,1682289599999,29556.7851,402,1660.8,10473.5949,0,1.8209
1682289600000,6.334,6.375,6.331,6.349,10801.5,1682289899999,68640.2161,432,7458.7,47403.3535,0,1.8225
1682289900000,6.35,6.361,6.345,6.347,3109.2,1682290199999,19761.2434,184,1233.1,7839.892,0,1.8719
1682290200000,6.348,6.359,6.348,6.359,1466.2,1682290499999,9314.6565,112,896.4,5695.1873,0,1.9011
1682290500000,6.358,6.358,6.314,6.326,4970.5,1682290799999,31497.2946,241,746.6,4730.8684,0,1.9061
1682290800000,6.324,6.353,6.321,6.338,6257.2,1682291099999,39690.0767,463,2274.2,14427.6664,0,1.9334
1682291100000,6.335,6.338,6.314,6.324,5212.8,1682291399999,33010.4887,118,1213.4,7685.6501,0,2.0057
1682291400000,6.327,6.337,6.327,6.334,1980.9,1682291699999,12544.5788,71,1035.4,6555.8258,0,1.9922
1682291700000,6.334,6.337,6.328,6.328,2393.9,1682291999999,15160.1287,80,590.3,3738.7201,0,1.9842
1682292000000,6.329,6.342,6.329,6.341,1126.6,1682292299999,7133.7879,51,919.0,5818.6277,0,1.963
1682292300000,6.342,6.361,6.342,6.349,3777.6,1682292599999,24000.6888,142,1907.0,12115.4906,0,1.9568
1682292600000,6.348,6.367,6.334,6.367,5409.7,1682292899999,34346.5025,337,3119.6,19802.8922,0,1.9455
1682292900000,6.367,6.399,6.366,6.368,9629.9,1682293199999,61458.1378,429,6112.1,39008.2304,0,1.9044
1682293200000,6.368,6.374,6.357,6.373,2166.1,1682293499999,13790.2085,158,1652.8,10523.3874,0,1.8843
1682293500000,6.373,6.373,6.343,6.343,3670.7,1682293799999,23336.3374,255,1033.3,6571.7198,0,1.8935
1682293800000,6.345,6.372,6.345,6.369,1974.5,1682294099999,12557.4436,128,800.4,5086.2401,0,1.8769
1682294100000,6.365,6.371,6.364,6.364,723.1,1682294399999,4601.8866,49,21.2,134.9624,0,1.858
1682294400000,6.364,6.375,6.292,6.293,16244.2,1682294699999,102667.4604,640,4780.4,30198.8235,0,1.8686
1682294700000,6.292,6.293,6.292,6.293,4446.1,1682294999999,27977.5266,73,2665.4,16773.3622,0,1.8596
1682295000000,6.292,6.349,6.292,6.336,10584.0,1682295299999,66901.3032,207,8047.7,50855.5063,0,1.8678
1682295300000,6.337,6.365,6.337,6.348,9651.3,1682295599999,61351.0716,219,4608.3,29279.2978,0,1.8645
1682295600000,6.347,6.352,6.316,6.316,3544.7,1682295899999,22436.452,312,1539.3,9748.5168,0,1.8425
1682295900000,6.316,6.333,6.315,6.315,2683.5,1682296199999,16963.2029,127,2043.1,12916.2693,0,1.8329
1682296200000,6.315,6.32,6.301,6.301,1435.7,1682296499999,9063.319,90,592.5,3741.3682,0,1.8129
1682296500000,6.301,6.313,6.3,6.306,1263.2,1682296799999,7965.3527,70,714.7,4505.8206,0,1.8145
1682296800000,6.309,6.31,6.292,6.298,1447.7,1682297099999,9125.5187,56,388.3,2445.6727,0,1.8273
1682297100000,6.3,6.337,6.3,6.335,1819.4,1682297399999,11484.9429,132,827.5,5224.8312,0,1.8305
1682297400000,6.336,6.399,6.336,6.398,3783.1,1682297699999,24113.6222,274,1196.9,7618.1634,0,1.8289
1682297700000,6.398,6.408,6.398,6.408,6652.1,1682297999999,42610.3399,134,5325.6,34120.9544,0,1.8466
1682298000000,6.408,6.485,6.408,6.478,13007.0,1682298299999,83946.1935,600,7167.6,46221.5918,0,1.8686
1682298300000,6.478,6.507,6.475,6.49,6377.4,1682298599999,41385.631,292,4684.1,30406.2097,0,1.8727
1682298600000,6.49,6.491,6.49,6.49,522.3,1682298899999,3389.8909,28,163.9,1063.8749,0,1.9112
1682298900000,6.491,6.503,6.474,6.493,4086.5,1682299199999,26505.7385,161,1822.8,11828.3987,0,1.9172
1682299200000,6.493,6.588,6.492,6.547,15450.7,1682299499999,101031.0153,643,11398.1,74505.7727,0,1.9138
1682299500000,6.549,6.558,6.528,6.535,4626.2,1682299799999,30279.2659,195,1884.3,12339.2081,0,1.9078
1682299800000,6.53,6.53,6.473,6.473,6601.2,1682300099999,42850.6654,249,1118.6,7259.7347,0,1.9078
1682300100000,6.473,6.474,6.452,6.47,2398.7,1682300399999,15503.862,112,844.8,5457.857,0,1.9155
1682300400000,6.467,6.477,6.459,6.466,4874.1,1682300699999,31529.7329,146,2193.6,14196.1982,0,1.9019
1682300700000,6.465,6.475,6.452,6.462,4770.7,1682300999999,30811.4952,165,1894.6,12231.043,0,1.9036
1682301000000,6.463,6.463,6.439,6.442,3285.8,1682301299999,21198.6048,107,790.0,5099.1327,0,1.8785
1682301300000,6.441,6.441,6.405,6.405,3863.0,1682301599999,24811.872,136,511.3,3285.8376,0,1.8977
1682301600000,6.405,6.405,6.371,6.392,12386.0,1682301899999,79139.5966,507,2655.6,16976.9851,0,1.9112
1682301900000,6.392,6.393,6.389,6.391,2381.0,1682302199999,15216.597,164,345.6,2208.8575,0,1.9481
1682302200000,6.39,6.496,6.375,6.447,19653.7,1682302499999,126424.1038,687,12983.7,83567.5102,0,1.9842
1682302500000,6.447,6.45,6.404,6.411,9440.3,1682302799999,60628.3819,394,4330.6,27815.0322,0,1.978
1682302800000,6.412,6.433,6.411,6.416,2810.7,1682303099999,18042.4155,100,1884.9,12097.6528,0,1.8794
1682303100000,6.418,6.418,6.373,6.381,4827.2,1682303399999,30852.7374,169,1169.1,7466.2018,0,1.9019
1682303400000,6.379,6.382,6.359,6.378,3513.8,1682303699999,22384.874,127,1001.9,6386.1564,0,1.9326
1682303700000,6.378,6.382,6.372,6.381,1088.4,1682303999999,6942.2864,52,648.4,4136.0936,0,1.9377
1682304000000,6.381,6.381,6.363,6.376,1985.8,1682304299999,12656.8108,91,851.6,5428.677,0,1.9248
1682304300000,6.375,6.392,6.369,6.392,5218.6,1682304599999,33295.3732,160,3692.0,23562.0508,0,1.9248
1682304600000,6.391,6.391,6.362,6.368,1947.3,1682304899999,12412.5984,69,592.6,3780.4795,0,1.9343
1682304900000,6.36,6.382,6.351,6.379,3797.4,1682305199999,24181.3345,149,2439.3,15543.365,0,1.9206
1682305200000,6.379,6.383,6.36,6.375,2486.5,1682305499999,15837.4012,144,988.7,6297.591,0,1.9386
1682305500000,6.374,6.374,6.355,6.359,1367.5,1682305799999,8699.9903,80,801.6,5098.0174,0,1.9326
1682305800000,6.362,6.38,6.361,6.374,4582.6,1682306099999,29207.6627,202,3859.5,24606.7299,0,1.9464
1682306100000,6.374,6.379,6.341,6.342,2974.0,1682306399999,18905.9674,137,300.5,1913.8083,0,1.9542
1682306400000,6.341,6.341,6.303,6.308,7218.6,1682306699999,45647.1075,309,1236.3,7816.5873,0,1.9621
1682306700000,6.308,6.314,6.288,6.312,5482.5,1682306999999,34524.7553,311,1544.1,9727.4668,0,1.9958
1682307000000,6.309,6.319,6.293,6.309,3850.6,1682307299999,24276.5588,338,1116.6,7042.3796,0,2.0184
1682307300000,6.31,6.347,6.31,6.337,5324.5,1682307599999,33725.5241,261,3212.3,20345.0665,0,2.0817
1682307600000,6.337,6.347,6.337,6.346,1548.9,1682307899999,9822.7448,48,951.1,6031.754,0,2.0883
1682307900000,6.347,6.357,6.346,6.348,1816.5,1682308199999,11537.7231,90,1359.3,8635.4536,0,2.0479
1682308200000,6.352,6.357,6.32,6.342,4649.7,1682308499999,29426.7655,132,717.5,4550.1342,0,2.0836
1682308500000,6.342,6.343,6.319,6.323,1468.6,1682308799999,9290.2821,129,361.4,2284.4415,0,2.1008
1682308800000,6.323,6.35,6.323,6.348,4135.9,1682309099999,26235.3919,228,2792.8,17712.4458,0,2.1407
1682309100000,6.348,6.349,6.302,6.302,3846.6,1682309399999,24339.6347,114,935.2,5921.1541,0,2.127
1682309400000,6.306,6.319,6.306,6.316,1228.4,1682309699999,7754.3611,54,592.5,3739.9757,0,2.1124
1682309700000,6.316,6.326,6.315,6.316,2098.0,1682309999999,13260.6738,102,1707.4,10792.5374,0,2.123
1682310000000,6.32,6.329,6.306,6.307,2146.9,1682310299999,13563.4079,75,947.5,5989.1447,0,2.127
1682310300000,6.308,6.339,6.308,6.339,2448.5,1682310599999,15489.7232,100,1640.2,10381.3642,0,2.1211
1682310600000,6.338,6.344,6.32,6.344,2690.4,1682310899999,17030.1295,108,1823.6,11545.4651,0,2.1162
1682310900000,6.344,6.345,6.333,6.342,2340.1,1682311199999,14838.2619,78,1787.1,11331.3472,0,2.1172
1682311200000,6.335,6.335,6.293,6.305,3790.7,1682311499999,23910.8148,142,1384.1,8740.5691,0,2.1299
1682311500000,6.306,6.331,6.306,6.317,2777.2,1682311799999,17547.7954,199,1371.6,8669.8842,0,2.1328
1682311800000,6.318,6.329,6.317,6.324,2638.1,1682312099999,16680.5426,132,1245.5,7876.9159,0,2.1546
1682312100000,6.326,6.326,6.313,6.316,575.6,1682312399999,3636.82,38,271.9,1717.4079,0,2.1616
1682312400000,6.315,6.315,6.288,6.308,5772.2,1682312699999,36353.8224,300,2546.9,16045.3856,0,2.1486
1682312700000,6.308,6.308,6.293,6.297,2051.0,1682312999999,12915.6795,119,277.6,1747.6429,0,2.1857
1682313000000,6.298,6.312,6.289,6.299,3926.8,1682313299999,24731.6791,244,1523.0,9599.0997,0,2.2123
1682313300000,6.303,6.33,6.298,6.324,3774.3,1682313599999,23840.6238,338,2343.5,14806.3441,0,2.2446
1682313600000,6.323,6.324,6.303,6.308,2679.8,1682313899999,16905.7732,138,786.3,4961.02,0,2.0807
1682313900000,6.305,6.305,6.285,6.285,2334.2,1682314199999,14687.319,193,599.2,3769.2577,0,2.1959
1682314200000,6.286,6.306,6.286,6.294,2910.0,1682314499999,18323.3526,192,2278.4,14344.5891,0,2.2457
1682314500000,6.293,6.294,6.264,6.273,3321.4,1682314799999,20859.4096,226,1157.7,7266.5199,0,2.127
1682314800000,6.267,6.277,6.244,6.26,2338.3,1682315099999,14646.4704,249,1638.7,10270.5288,0,2.2436
1682315100000,6.259,6.259,6.228,6.235,7204.7,1682315399999,44966.2324,373,2271.1,14185.4097,0,2.0826
1682315400000,6.236,6.236,6.224,6.233,1674.0,1682315699999,10431.2042,193,687.5,4283.7418,0,2.2352
1682315700000,6.235,6.251,6.224,6.245,2661.0,1682315999999,16600.9839,252,2029.9,12664.9274,0,2.2584
1682316000000,6.244,6.244,6.214,6.223,8078.0,1682316299999,50267.3427,532,2725.5,16959.0511,0,2.0665
1682316300000,6.223,6.249,6.221,6.235,2786.9,1682316599999,17383.819,306,1998.1,12463.4074,0,2.2938
1682316600000,6.239,6.239,6.222,6.237,2986.0,1682316899999,18607.9413,253,1109.6,6917.4325,0,2.0883
1682316900000,6.237,6.245,6.228,6.237,2966.6,1682317199999,18509.3142,290,2339.7,14599.9742,0,2.2616
1682317200000,6.236,6.237,6.204,6.209,3690.5,1682317499999,22937.3055,348,1184.4,7360.0659,0,2.0798
1682317500000,6.209,6.217,6.197,6.215,3506.4,1682317799999,21766.2945,284,1701.5,10569.8616,0,2.2992
1682317800000,6.223,6.228,6.196,6.203,3879.5,1682318099999,24083.5418,358,1061.7,6593.4606,0,2.1133
1682318100000,6.204,6.228,6.204,6.216,2279.7,1682318399999,14175.0219,285,1534.1,9540.6921,0,2.3014
1682318400000,6.216,6.216,6.175,6.184,3081.6,1682318699999,19070.0917,78,971.4,6003.2902,0,2.1289
1682318700000,6.18,6.195,6.174,6.177,2495.1,1682318999999,15425.0954,83,1940.5,11991.9391,0,2.1797
1682319000000,6.177,6.177,6.135,6.152,2709.7,1682319299999,16689.5904,132,701.7,4325.2422,0,2.1867
1682319300000,6.151,6.175,6.123,6.173,3469.4,1682319599999,21337.6148,132,1769.7,10883.5473,0,2.1908
1682319600000,6.173,6.177,6.146,6.148,4618.9,1682319899999,28443.7809,229,1215.5,7486.4872,0,2.1939
1682319900000,6.147,6.152,6.147,6.151,727.6,1682320199999,4474.9623,36,62.4,383.6916,0,2.1867
1682320200000,6.151,6.151,6.134,6.149,3860.2,1682320499999,23704.4394,77,1296.4,7957.1503,0,2.2154
1682320500000,6.149,6.179,6.149,6.17,3551.1,1682320799999,21903.2293,147,1814.7,11185.9729,0,2.2031
1682320800000,6.169,6.17,6.118,6.128,5837.5,1682321099999,35870.9756,155,2761.2,16973.0027,0,2.1837
1682321100000,6.129,6.145,6.099,6.136,11396.1,1682321399999,69758.799,258,5302.6,32454.1118,0,2.1908
1682321400000,6.138,6.14,6.125,6.13,4157.6,1682321699999,25510.4503,135,1405.0,8619.8353,0,2.2123
1682321700000,6.129,6.129,6.117,6.129,2241.1,1682321999999,13719.7029,85,882.5,5403.9417,0,2.198
1682322000000,6.128,6.13,6.127,6.129,3007.2,1682322299999,18430.4154,77,928.5,5691.1676,0,2.1908
1682322300000,6.128,6.128,6.117,6.12,1036.4,1682322599999,6342.7139,72,504.6,3087.309,0,2.1928
1682322600000,6.119,6.12,6.118,6.119,919.7,1682322899999,5627.4624,32,141.7,867.0916,0,2.2342
1682322900000,6.118,6.119,6.105,6.106,1747.1,1682323199999,10681.2771,78,848.7,5187.8292,0,2.1888
1682323200000,6.106,6.139,6.106,6.139,4148.4,1682323499999,25421.8217,199,2356.1,14432.9833,0,2.2031
1682323500000,6.139,6.149,6.139,6.149,7114.7,1682323799999,43705.9391,137,4849.9,29796.5016,0,2.1959
1682323800000,6.149,6.173,6.148,6.17,5934.1,1682324099999,36569.9889,229,3366.8,20738.0546,0,2.1437
1682324100000,6.171,6.172,6.148,6.156,3354.9,1682324399999,20671.172,294,1139.0,7017.1272,0,2.0979
1682324400000,6.156,6.161,6.12,6.127,5152.7,1682324699999,31642.2577,375,2117.8,13025.657,0,2.2927
1682324700000,6.125,6.136,6.117,6.117,2915.7,1682324999999,17856.5623,254,1507.9,9236.2193,0,2.1397
1682325000000,6.117,6.117,6.1,6.102,2533.4,1682325299999,15483.1586,190,1074.4,6566.9408,0,2.3025
1682325300000,6.101,6.108,6.084,6.103,4288.0,1682325599999,26146.6649,174,2487.2,15169.9856,0,2.1486
1682325600000,6.106,6.107,6.098,6.098,946.9,1682325899999,5779.3437,44,354.7,2164.2447,0,2.1536
1682325900000,6.098,6.098,6.077,6.084,1102.3,1682326199999,6704.2118,64,596.3,3625.5015,0,2.1949
1682326200000,6.083,6.089,6.071,6.085,2347.4,1682326499999,14275.5521,120,1299.2,7899.1855,0,2.2092
1682326500000,6.082,6.092,6.07,6.08,6485.2,1682326799999,39438.135,406,2308.8,14047.717,0,2.2196
1682326800000,6.079,6.121,6.079,6.102,4789.3,1682327099999,29215.7073,254,3027.3,18480.3914,0,2.06
1682327100000,6.106,6.125,6.106,6.119,841.2,1682327399999,5145.3624,51,523.8,3204.2252,0,2.1516
1682327400000,6.118,6.128,6.115,6.118,3002.2,1682327699999,18377.2169,89,1114.3,6820.6025,0,2.1348
1682327700000,6.116,6.123,6.108,6.122,2656.7,1682327999999,16241.6603,111,1493.6,9130.7508,0,2.1309
1682328000000,6.121,6.133,6.107,6.109,3059.6,1682328299999,18723.1249,121,1537.6,9417.7861,0,2.1556
1682328300000,6.113,6.119,6.113,6.116,815.8,1682328599999,4988.0414,55,615.9,3765.9849,0,2.1666
1682328600000,6.116,6.116,6.093,6.095,2086.2,1682328899999,12732.8188,161,244.9,1494.657,0,2.1736
1682328900000,6.096,6.113,6.096,6.106,1509.7,1682329199999,9209.9976,101,1370.2,8358.3301,0,2.1878
1682329200000,6.106,6.114,6.1,6.107,1303.6,1682329499999,7959.4208,65,982.1,5996.6857,0,2.1827
1682329500000,6.105,6.109,6.097,6.098,1920.2,1682329799999,11718.0427,144,1367.0,8342.209,0,2.1736
1682329800000,6.098,6.098,6.091,6.095,1209.0,1682330099999,7368.6314,47,379.1,2311.0152,0,2.2041
1682330100000,6.095,6.106,6.095,6.104,2069.5,1682330399999,12621.3304,112,1185.9,7231.7365,0,2.1949
1682330400000,6.103,6.116,6.096,6.116,3135.9,1682330699999,19141.047,162,1129.1,6893.1892,0,2.2062
1682330700000,6.116,6.13,6.116,6.13,2320.1,1682330999999,14215.8682,54,1661.9,10185.279,0,2.1949
1682331000000,6.128,6.128,6.095,6.097,3714.0,1682331299999,22674.6996,120,1062.6,6492.0232,0,2.1666
1682331300000,6.097,6.112,6.097,6.111,1468.4,1682331599999,8966.6835,70,870.0,5311.5419,0,2.2
1682331600000,6.109,6.109,6.096,6.101,1067.9,1682331899999,6514.1315,146,459.0,2799.2182,0,2.1878
1682331900000,6.101,6.112,6.095,6.111,1876.1,1682332199999,11446.6201,186,1368.6,8349.0762,0,2.2321
1682332200000,6.109,6.129,6.103,6.103,5389.1,1682332499999,32981.8158,275,3242.9,19853.558,0,2.0609
1682332500000,6.106,6.116,6.102,6.111,1054.4,1682332799999,6440.1328,165,433.8,2649.697,0,2.2134
1682332800000,6.111,6.123,6.101,6.107,2511.9,1682333099999,15350.3104,246,1677.8,10257.0886,0,2.2373
1682333100000,6.106,6.119,6.095,6.111,2368.8,1682333399999,14455.1469,333,997.1,6086.5533,0,2.0741
1682333400000,6.112,6.138,6.11,6.124,2681.1,1682333699999,16424.3449,133,1612.8,9882.5165,0,2.2134
1682333700000,6.122,6.134,6.115,6.13,2427.7,1682333999999,14870.5384,87,1927.7,11810.9417,0,2.1918
1682334000000,6.13,6.15,6.12,6.145,3051.1,1682334299999,18706.1843,153,2071.2,12700.5558,0,2.1939
1682334300000,6.146,6.154,6.136,6.138,4787.3,1682334599999,29415.7997,134,2560.5,15739.6768,0,2.1878
1682334600000,6.144,6.145,6.125,6.126,3374.3,1682334899999,20701.4058,89,1363.2,8367.3911,0,2.1969
1682334900000,6.129,6.152,6.116,6.131,7144.9,1682335199999,43826.4912,377,3781.8,23220.9908,0,2.1736
1682335200000,6.131,6.131,6.116,6.129,2406.8,1682335499999,14739.8888,192,1452.0,8895.2515,0,2.2415
1682335500000,6.129,6.129,6.09,6.106,13206.3,1682335799999,80567.4575,436,1017.7,6216.217,0,2.096
1682335800000,6.107,6.152,6.106,6.138,6784.4,1682336099999,41603.2884,402,5200.9,31893.2236,0,2.2982
1682336100000,6.146,6.146,6.129,6.131,2193.2,1682336399999,13456.0931,87,1134.4,6961.1622,0,2.1153
1682336400000,6.134,6.145,6.133,6.144,1175.5,1682336699999,7217.3135,41,386.2,2371.3582,0,2.1918
1682336700000,6.141,6.141,6.126,6.129,1744.1,1682336999999,10696.8221,77,470.2,2883.1548,0,2.2123
1682337000000,6.128,6.129,6.121,6.126,2193.3,1682337299999,13431.6114,85,1190.7,7291.059,0,2.2082
1682337300000,6.126,6.153,6.126,6.143,3319.5,1682337599999,20385.5934,112,2961.4,18188.8891,0,2.2289
1682337600000,6.14,6.184,6.14,6.163,14894.3,1682337899999,91918.8901,588,9167.7,56582.414,0,2.1546
1682337900000,6.168,6.176,6.164,6.168,4056.8,1682338199999,25030.5867,192,2588.8,15971.2676,0,2.1056
1682338200000,6.168,6.168,6.132,6.14,5700.4,1682338499999,35015.9635,191,1893.7,11634.851,0,2.2
1682338500000,6.14,6.157,6.121,6.142,8453.9,1682338799999,51875.5488,280,4478.8,27513.1714,0,2.1776
1682338800000,6.142,6.153,6.141,6.142,1705.0,1682339099999,10478.8558,132,1029.8,6329.977,0,2.1969
1682339100000,6.142,6.155,6.142,6.152,492.4,1682339399999,3026.4268,22,353.6,2172.642,0,2.2092
1682339400000,6.148,6.153,6.142,6.153,1290.0,1682339699999,7927.6499,80,895.0,5500.2721,0,2.1969
1682339700000,6.161,6.173,6.131,6.132,2795.6,1682339999999,17205.1056,156,1082.9,6671.0922,0,2.1928
1682340000000,6.135,6.151,6.132,6.14,1439.4,1682340299999,8840.4641,57,259.3,1592.2139,0,2.2041
1682340300000,6.146,6.161,6.146,6.159,1987.9,1682340599999,12242.4973,121,476.5,2933.7847,0,2.1928
1682340600000,6.159,6.165,6.149,6.149,6199.3,1682340899999,38171.9713,341,4289.6,26414.1107,0,2.2258
1682340900000,6.153,6.153,6.13,6.135,2279.8,1682341199999,14003.861,211,517.9,3180.4135,0,2.0367
1682341200000,6.135,6.138,6.123,6.132,3810.0,1682341499999,23352.9232,307,990.5,6074.015,0,2.202
1682341500000,6.132,6.139,6.129,6.139,1109.1,1682341799999,6802.6691,185,242.8,1489.8543,0,2.2227
1682341800000,6.139,6.149,6.134,6.146,1922.9,1682342099999,11813.0129,217,1288.9,7918.4424,0,2.2563
1682342100000,6.145,6.145,6.128,6.135,3881.3,1682342399999,23810.7711,370,1036.0,6357.2437,0,2.1037
1682342400000,6.13,6.135,6.127,6.13,1181.6,1682342699999,7244.8016,120,837.8,5137.338,0,2.296
1682342700000,6.131,6.143,6.125,6.132,2138.8,1682342999999,13118.3201,96,1320.2,8094.3389,0,2.1736
1682343000000,6.131,6.143,6.111,6.143,4196.4,1682343299999,25676.016,223,1950.3,11931.2309,0,2.1857
1682343300000,6.144,6.181,6.143,6.178,3192.6,1682343599999,19661.5408,159,1511.7,9315.762,0,2.1566
1682343600000,6.178,6.186,6.166,6.18,4236.8,1682343899999,26172.233,105,3321.6,20520.3661,0,2.1182
1682343900000,6.181,6.246,6.181,6.192,13543.5,1682344199999,84254.0252,494,6417.4,39911.8953,0,2.1476
1682344200000,6.192,6.239,6.192,6.239,5135.0,1682344499999,31939.8234,266,3905.6,24282.7383,0,2.1837
1682371800000,6.181,6.19,6.177,6.181,1136.9,1682372099999,7030.5908,61,659.3,4076.9231,0,2.0358
1682372100000,6.18,6.181,6.18,6.181,268.8,1682372399999,1661.4258,12,241.8,1494.5658,0,2.0193
1682372400000,6.18,6.18,6.159,6.174,1784.6,1682372699999,11012.3986,89,852.4,5260.9027,0,2.0257
1682372700000,6.175,6.182,6.175,6.182,1387.0,1682372999999,8570.9896,57,582.8,3600.23,0,2.0497
1682373000000,6.181,6.201,6.181,6.2,937.7,1682373299999,5806.1747,82,532.3,3293.9698,0,2.0423
1682373300000,6.2,6.201,6.183,6.188,2445.4,1682373599999,15137.2174,165,992.5,6144.1156,0,2.1095
1682373600000,6.188,6.199,6.188,6.192,3547.3,1682373899999,21974.8872,254,1545.0,9570.2634,0,2.201
1682373900000,6.192,6.202,6.192,6.201,1159.0,1682374199999,7185.7805,71,520.6,3227.9273,0,2.1476
1682374200000,6.201,6.201,6.18,6.185,3084.0,1682374499999,19088.6925,97,235.8,1459.6183,0,2.125
1682374500000,6.193,6.219,6.193,6.2,4966.4,1682374799999,30850.4648,342,2458.9,15271.082,0,2.1949
1682374800000,6.213,6.234,6.213,6.233,1999.2,1682375099999,12443.8421,138,1217.9,7579.1633,0,2.1566
1682375100000,6.233,6.236,6.233,6.235,1456.7,1682375399999,9080.918,94,430.0,2681.0031,0,2.1319
1682375400000,6.236,6.237,6.21,6.233,2579.3,1682375699999,16050.6817,173,2031.5,12642.758,0,2.1017
1682375700000,6.234,6.234,6.223,6.228,933.3,1682375999999,5813.5245,50,503.7,3136.6627,0,2.0931
1682376000000,6.226,6.226,6.21,6.218,1211.6,1682376299999,7528.9263,97,789.3,4904.3571,0,2.095
1682376300000,6.211,6.236,6.21,6.236,1141.7,1682376599999,7107.5857,73,957.7,5962.5868,0,2.1124
1682376600000,6.235,6.236,6.23,6.231,1260.5,1682376899999,7855.6165,59,807.0,5028.9455,0,2.0893
1682376900000,6.229,6.235,6.224,6.23,1258.1,1682377199999,7835.5197,134,915.8,5704.0635,0,2.0788
1682377200000,6.229,6.229,6.208,6.225,2141.5,1682377499999,13314.8734,131,1196.1,7432.6673,0,2.0912
1682377500000,6.224,6.241,6.212,6.24,2922.2,1682377799999,18191.4183,134,1724.1,10734.9795,0,2.1387
1682377800000,6.241,6.241,6.23,6.236,884.9,1682378099999,5517.922,42,306.0,1908.2393,0,2.1104
1682378100000,6.235,6.242,6.235,6.241,613.9,1682378399999,3830.153,52,273.1,1703.7512,0,2.1211
1682378400000,6.238,6.245,6.236,6.238,862.4,1682378699999,5380.2884,70,394.7,2462.6163,0,2.1085
1682378700000,6.238,6.26,6.238,6.253,1674.6,1682378999999,10473.0911,111,960.2,6003.6094,0,2.124
1682379000000,6.253,6.269,6.252,6.253,3178.1,1682379299999,19897.7652,135,1121.7,7025.0313,0,2.095
1682379300000,6.254,6.255,6.244,6.254,1091.6,1682379599999,6823.509,114,352.0,2200.3479,0,2.123
1682379600000,6.254,6.262,6.238,6.239,2294.8,1682379899999,14346.1934,99,1188.7,7431.1626,0,2.1162
1682379900000,6.24,6.255,6.24,6.252,1308.1,1682380199999,8175.9091,91,757.4,4733.0264,0,2.123
1682380200000,6.251,6.251,6.234,6.24,1404.6,1682380499999,8764.0647,71,805.0,5022.7048,0,2.1056
1682380500000,6.24,6.252,6.24,6.243,1577.0,1682380799999,9850.1827,74,856.0,5345.5307,0,2.1162
1682380800000,6.244,6.245,6.229,6.242,4764.5,1682381099999,29725.8863,208,1674.5,10443.8313,0,2.1017
1682381100000,6.243,6.243,6.201,6.221,7550.9,1682381399999,46967.5612,255,1962.2,12225.0694,0,2.1328
1682381400000,6.223,6.25,6.221,6.242,2724.9,1682381699999,16984.2215,138,1404.5,8752.3866,0,2.1526
1682381700000,6.24,6.251,6.239,6.248,1794.0,1682381999999,11206.299,74,842.5,5262.5739,0,2.1397
1682382000000,6.25,6.258,6.233,6.234,2592.9,1682382299999,16205.7442,172,854.9,5345.3841,0,2.1437
1682382300000,6.235,6.235,6.218,6.219,1277.9,1682382599999,7962.1446,49,689.9,4297.5501,0,2.1279
1682382600000,6.22,6.229,6.205,6.205,3239.9,1682382899999,20143.8366,88,1533.8,9535.3487,0,2.1153
1682382900000,6.208,6.215,6.203,6.203,1832.0,1682383199999,11369.482,62,670.2,4160.2622,0,2.127
1682383200000,6.203,6.203,6.169,6.193,4682.2,1682383499999,28955.5089,201,1273.6,7879.1486,0,2.0893
1682383500000,6.188,6.189,6.175,6.175,1611.0,1682383799999,9961.4759,71,951.3,5881.5117,0,2.1172
1682383800000,6.176,6.186,6.176,6.184,1329.2,1682384099999,8219.2069,41,829.7,5129.8883,0,2.0912
1682384100000,6.184,6.185,6.18,6.182,1149.6,1682384399999,7107.7951,55,244.6,1511.8501,0,2.0874
1682384400000,6.182,6.195,6.18,6.192,3036.0,1682384699999,18772.2304,119,1471.2,9096.4519,0,2.096
1682384700000,6.19,6.191,6.189,6.189,648.4,1682384999999,4013.4871,39,92.1,570.1056,0,2.0979
1682385000000,6.19,6.2,6.19,6.19,886.0,1682385299999,5488.9576,43,322.4,1997.5092,0,2.1309
1682385300000,6.182,6.191,6.18,6.19,385.2,1682385599999,2382.5054,53,210.0,1299.1608,0,2.124
1682385600000,6.189,6.196,6.184,6.194,418.6,1682385899999,2590.8417,36,144.0,891.3568,0,2.1017
1682385900000,6.189,6.198,6.185,6.198,513.6,1682386199999,3181.1654,45,365.3,2263.1372,0,2.095
1682386200000,6.197,6.197,6.189,6.192,592.2,1682386499999,3667.637,44,222.5,1377.7065,0,2.0998
1682386500000,6.192,6.201,6.192,6.201,555.4,1682386799999,3439.6401,41,118.0,730.8235,0,2.0912
1682386800000,6.204,6.208,6.17,6.172,1990.1,1682387099999,12322.1319,142,265.6,1645.5906,0,2.1017
1682387100000,6.173,6.186,6.173,6.181,2430.3,1682387399999,15024.0824,131,1507.4,9319.9173,0,2.1104
1682387400000,6.181,6.182,6.163,6.169,2466.4,1682387699999,15228.8443,82,937.2,5786.22,0,2.0979
1682387700000,6.169,6.179,6.155,6.157,2270.9,1682387999999,13999.4561,119,1340.1,8263.1475,0,2.095
1682388000000,6.158,6.197,6.158,6.182,4692.4,1682388299999,29004.8242,123,2168.1,13396.1664,0,2.096
1682388300000,6.182,6.182,6.179,6.181,1358.3,1682388599999,8396.3334,29,162.6,1004.9394,0,2.0912
1682388600000,6.181,6.181,6.163,6.169,2185.9,1682388899999,13504.2991,71,180.1,1111.1388,0,2.0788
1682388900000,6.17,6.173,6.165,6.17,1165.8,1682389199999,7193.1206,65,373.6,2304.7852,0,2.096
1682389200000,6.171,6.195,6.171,6.195,3220.1,1682389499999,19903.3643,138,2017.0,12461.7482,0,2.0931
1682389500000,6.193,6.195,6.184,6.195,935.4,1682389799999,5792.057,61,554.7,3434.2447,0,2.0826
1682389800000,6.195,6.195,6.171,6.173,1822.5,1682390099999,11255.0046,112,951.0,5871.4316,0,2.0788
1682390100000,6.179,6.182,6.179,6.181,1136.9,1682390399999,7026.4235,30,142.6,881.3629,0,2.0807
1682390400000,6.182,6.182,6.165,6.174,903.2,1682390699999,5574.9167,54,423.4,2612.3704,0,2.0893
1682390700000,6.172,6.179,6.161,6.176,2324.5,1682390999999,14344.4457,88,1787.5,11032.1785,0,2.0741
1682391000000,6.171,6.175,6.154,6.155,975.9,1682391299999,6013.493,58,455.0,2802.9142,0,2.0874
1682391300000,6.154,6.156,6.154,6.156,503.2,1682391599999,3097.0897,23,395.0,2431.2269,0,2.096
1682391600000,6.157,6.162,6.134,6.143,6230.3,1682391899999,38292.1501,293,1691.7,10396.6348,0,2.1008
1682391900000,6.141,6.142,6.119,6.121,2551.0,1682392199999,15627.2523,155,1383.1,8472.3903,0,2.0675
1682392200000,6.122,6.122,6.076,6.106,19045.1,1682392499999,116032.8441,296,2121.2,12948.8748,0,2.0637
1682392500000,6.106,6.108,6.084,6.087,3323.8,1682392799999,20251.3393,351,1123.8,6848.7338,0,2.2175
1682392800000,6.087,6.105,6.086,6.101,3686.2,1682393099999,22472.4367,298,1566.8,9549.4299,0,2.283
1682393100000,6.102,6.102,6.101,6.102,2202.1,1682393399999,13436.7082,173,1696.1,10349.6022,0,2.1075
1682393400000,6.102,6.103,6.088,6.092,4210.5,1682393699999,25680.2186,286,1099.2,6705.2049,0,2.3289
1682393700000,6.092,6.103,6.088,6.102,2841.2,1682393999999,17327.0832,242,2526.1,15405.4519,0,2.096
1682394000000,6.102,6.102,6.084,6.088,2821.9,1682394299999,17186.2583,253,992.1,6043.0806,0,2.2808
1682394300000,6.089,6.107,6.077,6.082,5708.7,1682394599999,34806.0434,348,2659.4,16216.7367,0,2.0874
1682394600000,6.081,6.081,6.054,6.056,5692.9,1682394899999,34512.4852,440,2996.5,18172.1387,0,2.2873
1682394900000,6.056,6.077,6.051,6.077,4388.6,1682395199999,26622.7964,372,4019.3,24383.0187,0,2.0057
1682395200000,6.075,6.075,6.027,6.051,10203.1,1682395499999,61660.2061,432,4398.2,26565.8187,0,2.1017
1682395500000,6.052,6.052,6.04,6.049,1837.1,1682395799999,11110.6856,125,1226.7,7419.4234,0,2.1037
1682395800000,6.05,6.07,6.046,6.062,4438.3,1682396099999,26902.0129,181,2079.2,12608.2439,0,2.1075
1682396100000,6.059,6.092,6.055,6.084,6846.0,1682396399999,41594.2651,336,5055.6,30729.1947,0,2.1299
1682396400000,6.079,6.091,6.078,6.082,2286.5,1682396699999,13913.6283,81,1256.1,7643.6567,0,2.1192
1682396700000,6.081,6.088,6.081,6.087,522.9,1682396999999,3182.2169,34,209.9,1277.0601,0,2.1368
1682397000000,6.088,6.088,6.075,6.08,1236.4,1682397299999,7523.8551,76,531.9,3236.4854,0,2.1387
1682397300000,6.078,6.079,6.061,6.079,2778.5,1682397599999,16859.177,173,807.2,4896.7659,0,2.1516
1682397600000,6.082,6.098,6.079,6.096,2998.8,1682397899999,18267.4939,165,1991.1,12128.9967,0,2.1496
1682397900000,6.097,6.101,6.088,6.093,670.2,1682398199999,4084.5375,54,271.3,1653.6857,0,2.1556
1682398200000,6.097,6.101,6.09,6.092,2791.0,1682398499999,17018.5993,115,1120.6,6833.0688,0,2.1696
1682398500000,6.092,6.098,6.074,6.088,2371.2,1682398799999,14434.6078,96,1393.4,8487.3726,0,2.1596
1682398800000,6.089,6.089,6.075,6.083,2084.5,1682399099999,12683.8781,97,1181.8,7191.4793,0,2.1496
1682399100000,6.082,6.082,6.06,6.06,3428.6,1682399399999,20801.316,122,648.9,3936.2952,0,2.1566
1682399400000,6.064,6.064,6.045,6.045,1022.9,1682399699999,6189.4292,57,592.9,3586.5402,0,2.1596
1682399700000,6.045,6.052,6.031,6.048,3947.3,1682399999999,23821.7137,124,3739.6,22567.888,0,2.1556
1682400000000,6.048,6.048,6.039,6.04,546.9,1682400299999,3305.8254,34,85.1,514.004,0,2.1377
1682400300000,6.039,6.057,6.039,6.051,1202.3,1682400599999,7268.0377,74,744.3,4497.525,0,2.1706
1682400600000,6.052,6.074,6.042,6.062,4727.5,1682400899999,28653.1598,197,3195.9,19374.978,0,2.1746
1682400900000,6.062,6.067,6.055,6.065,1355.7,1682401199999,8216.2002,46,876.3,5310.5405,0,2.1586
1682401200000,6.065,6.07,6.054,6.068,2350.8,1682401499999,14245.6813,77,542.8,3290.4242,0,2.1616
1682401500000,6.066,6.086,6.066,6.083,1831.0,1682401799999,11121.6956,68,1369.0,8318.4299,0,2.1506
1682401800000,6.084,6.101,6.078,6.096,2120.4,1682402099999,12914.9468,61,1453.3,8850.8778,0,2.1616
1682402100000,6.096,6.101,6.087,6.092,2620.2,1682402399999,15976.5029,88,600.6,3662.4102,0,2.1556
1682402400000,6.092,6.093,6.076,6.089,3282.9,1682402699999,19979.0126,130,1806.8,10993.0589,0,2.1797
1682402700000,6.09,6.09,6.081,6.082,1062.3,1682402999999,6463.2278,46,370.9,2256.2406,0,2.1857
1682403000000,6.082,6.089,6.074,6.079,1713.4,1682403299999,10420.5732,163,889.4,5408.2295,0,2.201
1682403300000,6.081,6.081,6.067,6.067,1506.4,1682403599999,9148.3423,124,668.6,4059.688,0,2.2123
1682403600000,6.071,6.092,6.066,6.08,2250.1,1682403899999,13672.5306,196,949.7,5770.6562,0,2.2268
1682403900000,6.084,6.096,6.071,6.091,3283.0,1682404199999,19973.7086,321,2145.0,13052.4497,0,2.0358
1682404200000,6.091,6.091,6.075,6.083,2890.8,1682404499999,17577.4704,247,1895.9,11528.2124,0,2.1456
1682404500000,6.079,6.084,6.066,6.082,1893.3,1682404799999,11500.7197,96,686.6,4173.4917,0,2.1417
1682404800000,6.082,6.082,6.066,6.073,1880.5,1682405099999,11414.5132,203,737.8,4477.9163,0,2.1817
1682405100000,6.069,6.069,6.065,6.069,521.2,1682405399999,3162.8828,36,321.1,1948.6005,0,2.1786
1682405400000,6.068,6.068,6.05,6.051,551.7,1682405699999,3342.2196,37,200.3,1212.5202,0,2.1837
1682405700000,6.05,6.05,6.041,6.041,941.3,1682405999999,5694.0472,83,44.2,267.2978,0,2.1928
1682406000000,6.041,6.041,6.018,6.029,5724.3,1682406299999,34496.4048,344,3109.1,18739.8261,0,2.2123
1682406300000,6.03,6.044,6.029,6.041,1193.5,1682406599999,7206.1184,130,632.4,3816.8689,0,2.2123
1682406600000,6.041,6.049,6.038,6.04,2891.6,1682406899999,17474.7616,106,1778.7,10750.6944,0,2.2144
1682406900000,6.039,6.042,6.027,6.033,5086.2,1682407199999,30692.1601,151,2659.6,16044.0106,0,2.1279
1682407200000,6.039,6.039,6.004,6.02,3010.1,1682407499999,18132.9621,142,1031.1,6208.4395,0,2.1466
1682407500000,6.02,6.021,6.009,6.009,1888.0,1682407799999,11355.9872,88,1297.5,7804.7575,0,2.1407
1682407800000,6.011,6.012,5.986,6.007,8607.7,1682408099999,51619.6713,305,5673.6,34020.8778,0,2.1447
1682408100000,6.008,6.012,5.991,6.001,3838.8,1682408399999,23046.1394,84,803.9,4823.9356,0,2.1556
1682408400000,6.001,6.001,5.962,5.975,4695.5,1682408699999,28066.0397,171,2392.9,14311.5099,0,2.1606
1682408700000,5.975,6.002,5.975,5.987,1674.4,1682408999999,10028.2379,86,1401.4,8392.1136,0,2.1827
1682409000000,5.987,5.997,5.977,5.977,2971.3,1682409299999,17787.7747,94,568.5,3403.0424,0,2.1756
1682409300000,5.978,5.986,5.976,5.976,875.8,1682409599999,5238.0969,71,93.1,557.0108,0,2.2165
1682409600000,5.975,5.996,5.939,5.944,12803.9,1682409899999,76381.1906,469,2923.6,17494.7573,0,2.2436
1682409900000,5.944,5.992,5.932,5.971,17427.5,1682410199999,103968.9787,705,7705.0,46028.1529,0,2.0581
1682410200000,5.971,5.977,5.952,5.972,8911.3,1682410499999,53156.8577,448,5233.4,31235.1176,0,2.2595
1682410500000,5.972,5.985,5.97,5.975,5689.0,1682410799999,34015.067,385,4675.2,27957.4849,0,2.0684
1682410800000,5.973,5.974,5.9,5.926,15673.5,1682411099999,92841.4531,573,3524.3,20897.0226,0,2.2113
1682411100000,5.926,5.986,5.926,5.974,8601.4,1682411399999,51216.3038,519,5674.8,33786.7775,0,2.2289
1682411400000,5.977,5.977,5.932,5.941,8242.1,1682411699999,49071.5087,477,2698.8,16099.5623,0,2.0769
1682411700000,5.941,5.949,5.928,5.932,4479.5,1682411999999,26590.6174,353,1437.0,8529.2143,0,2.3058
1682412000000,5.932,5.944,5.91,5.942,9102.1,1682412299999,53891.3776,403,6277.3,37170.6977,0,2.0769
1682412300000,5.943,5.946,5.915,5.924,3961.1,1682412599999,23478.2024,358,939.4,5565.7086,0,2.2906
1682412600000,5.925,5.937,5.921,5.934,2732.3,1682412899999,16203.4895,261,1410.3,8364.6651,0,2.1289
1682412900000,5.935,5.962,5.93,5.962,4179.5,1682413199999,24850.8324,124,1626.6,9664.2642,0,2.2062
1682413200000,5.962,5.977,5.962,5.976,3971.1,1682413499999,23694.8823,113,1591.1,9497.5344,0,2.1417
1682413500000,5.976,5.977,5.972,5.973,947.8,1682413799999,5662.1303,37,344.0,2054.718,0,2.1437
1682413800000,5.973,5.976,5.952,5.967,4437.7,1682414099999,26471.9435,142,1479.6,8832.2992,0,2.1586
1682414100000,5.967,5.968,5.957,5.963,4669.3,1682414399999,27842.4296,129,1943.2,11583.8003,0,2.1676
1682414400000,5.963,5.963,5.943,5.945,3122.9,1682414699999,18586.0023,93,828.6,4929.1289,0,2.1888
1682414700000,5.945,5.959,5.939,5.943,3784.3,1682414999999,22513.8662,110,2968.3,17662.4203,0,2.1888
1682415000000,5.942,5.949,5.922,5.924,4804.8,1682415299999,28520.7366,232,2238.5,13286.5153,0,2.1221
1682415300000,5.924,5.935,5.921,5.926,3459.8,1682415599999,20498.4275,244,2097.9,12429.3879,0,2.2237
1682415600000,5.928,5.944,5.928,5.939,1981.7,1682415899999,11762.4484,92,1201.0,7130.7726,0,2.2
1682415900000,5.939,5.94,5.928,5.928,1212.6,1682416199999,7198.1203,56,318.6,1889.516,0,2.2154
1682416200000,5.927,5.931,5.923,5.928,4462.6,1682416499999,26449.5608,63,3250.3,19264.8637,0,2.2227
1682416500000,5.928,5.928,5.905,5.906,5156.5,1682416799999,30499.2135,161,349.2,2068.3007,0,2.2289
1682416800000,5.907,5.922,5.907,5.918,4605.0,1682417099999,27250.8077,228,2015.5,11926.1906,0,2.2321
1682417100000,5.919,5.938,5.894,5.906,9089.8,1682417399999,53718.4835,486,2795.0,16552.5205,0,2.0637
1682417400000,5.909,5.909,5.854,5.86,15932.5,1682417699999,93608.6737,594,3319.4,19490.9186,0,2.2321
1682417700000,5.859,5.888,5.854,5.858,11584.3,1682417999999,67982.1841,484,3611.2,21187.7307,0,2.3003
1682418000000,5.857,5.88,5.851,5.872,4630.6,1682418299999,27146.0019,264,2997.2,17569.094,0,2.1027
1682418300000,5.872,5.873,5.85,5.858,6302.6,1682418599999,36922.6017,362,2966.1,17381.2015,0,2.3135
1682418600000,5.858,5.87,5.856,5.864,4628.8,1682418899999,27144.0017,275,3553.6,20838.7729,0,2.1456
1682418900000,5.865,5.866,5.856,5.864,3286.3,1682419199999,19266.2395,238,2056.7,12058.9417,0,2.1075
1682419200000,5.861,5.867,5.853,5.863,5200.5,1682419499999,30470.7746,357,1711.0,10029.3028,0,2.3091
1682419500000,5.864,5.869,5.855,5.863,4687.7,1682419799999,27483.2894,273,2518.7,14768.1118,0,2.126
1682419800000,5.863,5.87,5.862,5.869,3460.8,1682420099999,20300.5917,95,2487.1,14589.8829,0,2.1847
1682420100000,5.867,5.877,5.858,5.869,5744.5,1682420399999,33712.6674,140,4984.7,29257.1366,0,2.1918
1682420400000,5.87,5.881,5.867,5.867,4465.0,1682420699999,26225.2573,146,2587.3,15200.0106,0,2.1536
1682420700000,5.869,5.908,5.868,5.907,6158.3,1682420999999,36276.8631,199,4445.3,26186.2823,0,2.1114
1682421000000,5.906,5.906,5.879,5.898,3283.0,1682421299999,19350.5549,125,1236.6,7290.5598,0,2.1928
1682421300000,5.898,5.905,5.897,5.898,1085.7,1682421599999,6407.1895,64,337.6,1991.2953,0,2.2072
1682421600000,5.898,5.898,5.874,5.885,2925.0,1682421899999,17211.3895,123,621.5,3654.7472,0,2.198
1682421900000,5.887,5.887,5.858,5.871,2670.7,1682422199999,15678.8019,162,1043.0,6121.4963,0,2.2352
1682422200000,5.868,5.898,5.868,5.891,3707.8,1682422499999,21811.4047,249,2400.0,14121.3434,0,2.0874
1682422500000,5.893,5.909,5.874,5.898,4468.0,1682422799999,26350.0717,174,2178.0,12847.3066,0,2.1506
1682422800000,5.901,5.91,5.901,5.906,1700.6,1682423099999,10046.8975,61,705.1,4165.4757,0,2.1526
1682423100000,5.907,5.907,5.894,5.905,2965.7,1682423399999,17506.0047,101,1823.6,10763.9545,0,2.1447
1682423400000,5.905,5.906,5.894,5.894,661.4,1682423699999,3902.1369,52,240.0,1416.2308,0,2.1506
1682423700000,5.895,5.918,5.895,5.909,4949.6,1682423999999,29240.2364,156,3450.1,20379.8567,0,2.1566
1682424000000,5.907,5.913,5.89,5.9,4543.3,1682424299999,26801.5717,218,1825.5,10770.0454,0,2.1466
1682424300000,5.896,5.902,5.889,5.891,2674.5,1682424599999,15762.0738,83,1876.7,11058.2306,0,2.1696
1682424600000,5.892,5.892,5.884,5.89,1117.6,1682424899999,6580.7786,55,642.0,3779.848,0,2.1506
1682424900000,5.889,5.908,5.88,5.906,4258.8,1682425199999,25107.2923,193,1877.3,11065.3341,0,2.1506
1682425200000,5.904,5.904,5.861,5.891,12046.5,1682425499999,70847.6295,327,4214.9,24811.7002,0,2.1606
1682425500000,5.889,5.895,5.877,5.891,3716.9,1682425799999,21876.8744,233,1600.3,9417.7723,0,2.2082
1682425800000,5.884,5.884,5.864,5.866,6299.4,1682426099999,36978.0974,236,2391.2,14034.8981,0,2.2144
1682426100000,5.864,5.885,5.861,5.883,3685.2,1682426399999,21646.5403,211,1973.8,11590.7507,0,2.1949
1682426400000,5.875,5.883,5.865,5.873,3591.0,1682426699999,21088.3764,211,1826.0,10727.2417,0,2.1817
1682426700000,5.871,5.883,5.859,5.864,4721.4,1682426999999,27715.7928,216,2479.6,14562.1516,0,2.1949
1682427000000,5.868,5.877,5.868,5.874,2103.8,1682427299999,12352.616,78,1136.9,6676.447,0,2.1516
1682427300000,5.874,5.874,5.858,5.863,2930.4,1682427599999,17176.9747,147,998.8,5855.2344,0,2.1211
1682427600000,5.863,5.88,5.859,5.88,2417.2,1682427899999,14180.9535,143,1660.8,9741.3176,0,2.1056
1682427900000,5.876,5.897,5.876,5.893,2769.3,1682428199999,16316.7783,236,947.8,5584.6469,0,2.0703
1682428200000,5.894,5.898,5.892,5.898,2156.2,1682428499999,12708.3995,178,1211.3,7140.0532,0,2.0647
1682428500000,5.899,5.907,5.894,5.907,4206.7,1682428799999,24818.0824,177,2904.7,17134.1057,0,2.0572
1682428800000,5.906,5.92,5.901,5.92,3703.9,1682429099999,21889.033,170,2081.6,12306.6344,0,2.0441
1682429100000,5.92,5.921,5.904,5.911,2778.9,1682429399999,16439.0156,92,1205.9,7134.686,0,2.059
1682429400000,5.909,5.917,5.906,5.917,4177.5,1682429699999,24696.367,86,3110.8,18388.2964,0,2.0779
1682429700000,5.915,5.915,5.894,5.904,6837.7,1682429999999,40362.8576,229,3808.8,22484.9617,0,2.0722
1682430000000,5.904,5.914,5.899,5.906,2847.4,1682430299999,16813.8555,216,1581.3,9339.722,0,2.0003
1682430300000,5.907,5.907,5.892,5.894,1343.7,1682430599999,7924.5086,61,650.6,3835.408,0,2.0075
1682430600000,5.894,5.894,5.893,5.894,314.4,1682430899999,1853.0584,34,299.2,1763.4848,0,2.0021
1682430900000,5.894,5.894,5.893,5.894,938.9,1682431199999,5533.7066,28,768.9,4531.8966,0,2.0003
1682431200000,5.896,5.905,5.891,5.895,4523.9,1682431499999,26682.2555,140,2388.1,14080.9161,0,2.0093
1682431500000,5.895,5.895,5.89,5.895,764.7,1682431799999,4506.3064,58,457.3,2694.8817,0,2.0166
1682431800000,5.896,5.897,5.879,5.88,2577.5,1682432099999,15177.2154,131,1405.3,8275.3737,0,2.0111
1682432100000,5.879,5.88,5.863,5.866,3647.3,1682432399999,21420.0148,155,1985.1,11658.0043,0,2.0075
1682432400000,5.866,5.877,5.865,5.868,2018.5,1682432699999,11851.1774,77,992.2,5824.6107,0,2.0039
1682432700000,5.867,5.89,5.867,5.884,3006.8,1682432999999,17682.9849,100,2787.3,16392.3982,0,2.0057
1682433000000,5.882,5.902,5.87,5.879,4618.1,1682433299999,27173.3574,192,3564.8,20975.523,0,1.9842
1682433300000,5.877,5.877,5.834,5.843,18157.5,1682433599999,106186.6042,593,4183.0,24476.667,0,1.9824
1682433600000,5.843,5.848,5.842,5.843,3973.5,1682433899999,23231.0655,90,1554.1,9087.2225,0,1.9718
1682433900000,5.843,5.866,5.827,5.857,9355.1,1682434199999,54643.6379,365,5075.9,29661.2813,0,1.9446
1682434200000,5.858,5.869,5.858,5.866,2323.1,1682434499999,13627.0141,219,1447.6,8492.6822,0,1.8877
1682434500000,5.865,5.868,5.854,5.859,3429.9,1682434799999,20104.5713,237,1192.9,6995.2705,0,1.8629
1682434800000,5.858,5.862,5.849,5.861,2717.8,1682435099999,15913.3459,143,1109.1,6495.556,0,1.8662
1682435100000,5.861,5.869,5.84,5.869,2273.7,1682435399999,13307.1643,133,1042.2,6102.9765,0,1.8596
1682435400000,5.869,5.881,5.868,5.881,3337.3,1682435699999,19604.3904,70,2861.4,16811.6152,0,1.8629
1682435700000,5.88,5.913,5.88,5.901,11883.6,1682435999999,70077.3102,435,7592.5,44751.2207,0,1.8193
1682436000000,5.9,5.9,5.877,5.882,8592.4,1682436299999,50658.1927,296,4665.6,27520.7171,0,1.7352
1682436300000,5.882,5.895,5.856,5.876,6867.2,1682436599999,40355.0397,325,2318.8,13644.6114,0,1.7322
1682436600000,5.875,5.882,5.858,5.864,3331.1,1682436899999,19553.9398,132,1690.2,9927.2214,0,1.7337
1682436900000,5.858,5.872,5.858,5.865,1103.6,1682437199999,6471.6081,58,777.7,4560.2852,0,1.739
1682437200000,5.864,5.864,5.853,5.858,1247.9,1682437499999,7308.9273,73,824.1,4827.1525,0,1.7263
1682437500000,5.86,5.871,5.86,5.864,1417.1,1682437799999,8313.4543,53,915.4,5368.6733,0,1.7233
1682437800000,5.862,5.866,5.845,5.848,1892.2,1682438099999,11081.5931,212,1164.2,6820.8576,0,1.7078
1682438100000,5.848,5.864,5.846,5.853,1667.3,1682438399999,9757.4862,67,1092.9,6393.7453,0,1.7181
1682438400000,5.854,5.873,5.853,5.854,4136.5,1682438699999,24237.0061,148,2697.7,15807.9439,0,1.7248
1682438700000,5.855,5.857,5.849,5.854,3328.8,1682438999999,19488.8315,125,2159.5,12645.7254,0,1.7196
1682439000000,5.855,5.857,5.852,5.857,2287.3,1682439299999,13393.3498,48,432.1,2530.0664,0,1.727
1682439300000,5.859,5.892,5.859,5.874,12524.9,1682439599999,73586.416,266,9458.0,55582.8557,0,1.7307
1682439600000,5.879,5.885,5.878,5.885,1750.5,1682439899999,10297.9779,93,685.2,4031.2039,0,1.7174
1682439900000,5.885,5.885,5.874,5.878,2117.3,1682440199999,12454.5934,95,194.3,1143.1017,0,1.7382
1682440200000,5.879,5.885,5.856,5.858,4545.6,1682440499999,26685.9838,164,1354.3,7947.2153,0,1.7457
1682440500000,5.856,5.88,5.856,5.88,1094.8,1682440799999,6428.128,54,587.9,3449.4424,0,1.736
1682440800000,5.879,5.88,5.87,5.879,1644.0,1682441099999,9663.1978,42,263.0,1546.4302,0,1.7435
1682441100000,5.88,5.881,5.861,5.865,1048.1,1682441399999,6153.2227,61,157.2,922.5743,0,1.7518
1682441400000,5.868,5.882,5.868,5.878,3295.6,1682441699999,19378.1366,132,2021.2,11885.0455,0,1.7571
1682441700000,5.878,5.879,5.871,5.877,1320.7,1682441999999,7760.1701,39,184.1,1081.8897,0,1.7315
1682442000000,5.877,5.882,5.874,5.874,5610.7,1682442299999,32991.0515,136,2518.8,14812.0654,0,1.7382
1682442300000,5.874,5.878,5.862,5.876,3306.9,1682442599999,19410.6828,79,840.7,4937.7467,0,1.7382
1682442600000,5.876,5.889,5.872,5.873,2950.3,1682442899999,17350.4385,96,2348.4,13811.5064,0,1.742
1682442900000,5.872,5.872,5.832,5.845,8720.5,1682443199999,51014.6839,246,2510.8,14678.2246,0,1.751
1682443200000,5.846,5.855,5.824,5.84,4452.4,1682443499999,25996.5033,175,2126.2,12422.06,0,1.7541
1682443500000,5.837,5.837,5.826,5.832,1796.8,1682443799999,10474.6069,60,449.7,2621.6924,0,1.748
1682443800000,5.832,5.845,5.829,5.845,700.0,1682444099999,4085.1767,82,482.2,2814.1584,0,1.7473
1682444100000,5.848,5.869,5.846,5.869,2068.7,1682444399999,12116.4535,137,1315.5,7706.7794,0,1.7518
1682444400000,5.869,5.92,5.869,5.917,9520.0,1682444699999,56143.1146,476,5352.9,31562.9709,0,1.7571
1682444700000,5.917,5.939,5.902,5.905,12011.2,1682444999999,71121.3638,441,3377.0,19990.1946,0,1.7956
1682445000000,5.905,5.918,5.897,5.897,7091.7,1682445299999,41910.4322,304,2420.5,14307.0821,0,1.7778
1682445300000,5.909,5.95,5.909,5.938,9514.0,1682445599999,56423.8205,534,5678.3,33691.1812,0,1.809
1682445600000,5.938,5.972,5.912,5.918,12140.5,1682445899999,72187.1013,519,4162.3,24780.155,0,1.7533
1682445900000,5.918,5.94,5.916,5.931,2040.0,1682446199999,12099.8713,157,1004.5,5957.1806,0,1.7442
1682446200000,5.931,5.944,5.931,5.944,3229.2,1682446499999,19171.6176,55,2781.0,16509.8785,0,1.7594
1682446500000,5.945,5.963,5.927,5.937,5039.8,1682446799999,29964.9839,172,1779.3,10584.3278,0,1.7724
1682446800000,5.939,5.948,5.922,5.939,2068.9,1682447099999,12284.9557,118,1022.1,6068.3126,0,1.7647
1682447100000,5.938,5.946,5.925,5.944,2510.6,1682447399999,14897.3143,84,1796.1,10657.8692,0,1.7518
1682447400000,5.937,5.946,5.922,5.922,1808.9,1682447699999,10736.5887,101,1004.7,5965.0944,0,1.7617
1682447700000,5.923,5.943,5.923,5.934,1553.2,1682447999999,9221.205,84,1230.6,7306.073,0,1.739
1682448000000,5.932,5.934,5.905,5.915,2857.7,1682448299999,16909.6316,232,1155.3,6840.5257,0,1.7315
1682448300000,5.92,5.932,5.915,5.927,839.2,1682448599999,4968.7273,57,551.2,3263.5467,0,1.7315
1682448600000,5.928,5.931,5.921,5.928,1690.9,1682448899999,10017.9017,63,576.3,3413.8771,0,1.7488
1682448900000,5.927,5.927,5.899,5.906,4693.2,1682449199999,27739.1944,174,1182.8,6993.4097,0,1.7563
1682449200000,5.906,5.906,5.89,5.89,2704.2,1682449499999,15948.7895,131,1006.4,5936.4585,0,1.7617
1682449500000,5.89,5.891,5.89,5.89,327.5,1682449799999,1929.0269,21,51.9,305.7429,0,1.7724
1682449800000,5.891,5.891,5.88,5.88,2178.3,1682450099999,12817.3096,67,815.8,4798.4499,0,1.7693
1682450100000,5.88,5.89,5.875,5.887,1890.9,1682450399999,11126.5638,150,990.3,5825.8103,0,1.7972
1682450400000,5.887,5.89,5.879,5.886,3043.1,1682450699999,17900.5305,126,1325.2,7796.2231,0,1.8003
1682450700000,5.886,5.888,5.882,5.886,624.2,1682450999999,3673.716,38,377.0,2218.6214,0,1.7747
1682451000000,5.884,5.89,5.876,5.886,2548.6,1682451299999,14997.5937,92,1468.6,8641.7259,0,1.7601
1682451300000,5.887,5.887,5.881,5.883,984.8,1682451599999,5793.8243,33,280.5,1649.779,0,1.7503
1682451600000,5.88,5.893,5.877,5.885,1790.3,1682451899999,10537.8312,76,1295.8,7627.7623,0,1.7693
1682451900000,5.879,5.892,5.869,5.892,2668.5,1682452199999,15682.1989,114,1731.3,10172.8441,0,1.7678
1682452200000,5.884,5.903,5.88,5.903,2427.9,1682452499999,14307.7142,88,1369.3,8068.6277,0,1.7525
1682452500000,5.904,5.916,5.901,5.909,4060.6,1682452799999,24003.049,102,2884.3,17049.8468,0,1.7367
1682452800000,5.909,5.971,5.905,5.966,11220.5,1682453099999,66616.8977,420,7765.1,46139.7626,0,1.7405
1682453100000,5.967,6.004,5.958,5.979,6230.7,1682453399999,37281.8602,343,3704.3,22166.5596,0,1.6932
1682453400000,5.979,6.0,5.979,5.994,5173.9,1682453699999,30999.461,305,3091.8,18519.936,0,1.7012
1682453700000,5.993,6.02,5.993,6.011,4051.0,1682453999999,24313.6277,207,3276.2,19661.5599,0,1.6831
1682454000000,6.011,6.029,6.011,6.019,11436.6,1682454299999,68852.9183,475,5275.7,31772.4247,0,1.6674
1682454300000,6.017,6.033,6.017,6.032,3580.9,1682454599999,21590.6347,71,3356.5,20237.2149,0,1.6991
1682454600000,6.033,6.049,6.012,6.046,10001.8,1682454899999,60359.9267,342,4930.3,29774.2661,0,1.7056
1682454900000,6.046,6.063,6.039,6.05,3652.6,1682455199999,22095.4776,127,2634.9,15936.3473,0,1.6724
1682455200000,6.05,6.065,6.044,6.045,3782.9,1682455499999,22898.7807,133,1725.3,10444.7996,0,1.7005
1682455500000,6.047,6.06,6.047,6.06,1085.6,1682455799999,6574.2237,57,1020.1,6177.4265,0,1.7078
1682455800000,6.06,6.062,6.059,6.061,2047.8,1682456099999,12409.5675,73,1787.7,10833.4656,0,1.7189
1682456100000,6.062,6.07,6.06,6.063,4245.4,1682456399999,25740.8509,264,1503.1,9114.8387,0,1.7863
1682456400000,6.062,6.135,6.062,6.123,23045.1,1682456699999,140899.2586,858,14450.6,88323.0674,0,1.8868
1682456700000,6.123,6.14,6.119,6.122,4338.0,1682456999999,26587.2348,164,2496.8,15296.8232,0,1.8337
1682457000000,6.122,6.157,6.122,6.139,10762.6,1682457299999,66061.4229,428,4064.4,24963.0771,0,1.8153
1682457300000,6.149,6.205,6.149,6.181,23437.1,1682457599999,144948.9145,717,10593.8,65488.4727,0,1.8377
1682457600000,6.183,6.196,6.159,6.163,8010.9,1682457899999,49491.8974,328,2218.1,13714.4211,0,1.9577
1682457900000,6.164,6.17,6.145,6.146,7180.3,1682458199999,44230.9526,178,1671.8,10304.0957,0,1.963
1682458200000,6.147,6.189,6.147,6.168,9214.6,1682458499999,56862.3481,314,4611.4,28449.4404,0,1.9762
1682458500000,6.166,6.172,6.149,6.162,4819.0,1682458799999,29713.0106,118,1175.9,7251.8453,0,1.9665
1682458800000,6.164,6.18,6.162,6.179,3657.0,1682459099999,22588.2141,114,3010.4,18594.8352,0,1.9612
1682459100000,6.179,6.301,6.179,6.287,28657.0,1682459399999,178785.9318,930,20570.1,128222.1363,0,1.9525
1682459400000,6.286,6.304,6.252,6.275,23136.6,1682459699999,145048.4417,511,12409.7,77817.9837,0,1.963
1682459700000,6.276,6.304,6.271,6.302,16109.2,1682459999999,101302.1546,468,7643.8,48078.6432,0,2.0239
1682460000000,6.301,6.326,6.291,6.296,21057.7,1682460299999,132836.976,687,7681.3,48476.0191,0,2.095
1682460300000,6.296,6.311,6.212,6.238,30220.0,1682460599999,189331.6841,842,8307.2,52040.4718,0,2.1586
1682460600000,6.238,6.265,6.238,6.238,11880.3,1682460899999,74280.4468,506,5000.8,31273.6263,0,2.2134
1682460900000,6.238,6.262,6.184,6.197,25515.1,1682461199999,158495.5925,910,6337.4,39420.6491,0,2.1756
1682461200000,6.197,6.247,6.197,6.238,7479.4,1682461499999,46573.1108,365,5039.8,31382.3605,0,2.1586
1682461500000,6.239,6.239,6.183,6.223,16101.2,1682461799999,99933.3506,502,5970.2,37058.7816,0,2.1706
1682461800000,6.223,6.239,6.17,6.201,27675.9,1682462099999,171688.9555,931,10293.9,63921.4365,0,2.1756
1682462100000,6.201,6.204,6.2,6.2,1217.1,1682462399999,7548.3102,144,375.4,2328.2553,0,2.2216
1682462400000,6.201,6.211,6.182,6.191,7210.1,1682462699999,44707.3478,452,2654.5,16471.0588,0,2.0883
1682462700000,6.193,6.195,6.16,6.172,9788.1,1682462999999,60485.6682,447,2925.2,18080.4928,0,2.2457
1682463000000,6.173,6.191,6.171,6.18,5881.6,1682463299999,36368.4925,265,3626.3,22422.1721,0,2.1162
1682463300000,6.179,6.179,6.154,6.155,3533.6,1682463599999,21791.5126,148,1268.2,7822.7815,0,2.1898
1682463600000,6.156,6.187,6.154,6.174,8598.5,1682463899999,53080.3321,373,5329.2,32878.4798,0,2.2584
1682463900000,6.174,6.175,6.153,6.163,5970.8,1682464199999,36832.7569,404,3369.7,20792.9895,0,2.0902
1682464200000,6.163,6.163,6.15,6.158,3998.5,1682464499999,24614.734,292,1444.5,8893.2137,0,2.251
1682464500000,6.158,6.195,6.156,6.189,6272.4,1682464799999,38726.8429,292,4189.3,25857.0182,0,2.0883
1682464800000,6.189,6.225,6.18,6.225,10609.0,1682465099999,65777.2641,414,7958.9,49373.9919,0,2.2383
1682465100000,6.216,6.233,6.196,6.225,10327.6,1682465399999,64203.3235,601,5390.8,33524.3478,0,2.0506
1682465400000,6.226,6.229,6.204,6.22,5149.2,1682465699999,32017.9462,373,2565.9,15960.1994,0,2.1837
1682465700000,6.222,6.239,6.192,6.221,7973.4,1682465999999,49575.1208,355,3544.6,22053.752,0,2.1616
1682466000000,6.222,6.228,6.21,6.212,3862.9,1682466299999,24027.8197,228,1637.8,10187.189,0,2.1959
1682466300000,6.211,6.243,6.211,6.238,6312.9,1682466599999,39313.8909,148,3596.6,22405.722,0,2.1878
1682466600000,6.235,6.24,6.221,6.236,2450.9,1682466899999,15267.7864,123,1403.1,8741.2043,0,2.1676
1682466900000,6.229,6.229,6.202,6.217,9409.0,1682467199999,58461.6549,340,2498.0,15526.3045,0,2.199
1682467200000,6.215,6.273,6.214,6.267,19201.3,1682467499999,120047.2713,959,11323.5,70780.4999,0,2.2992
1682467500000,6.269,6.295,6.269,6.279,13123.1,1682467799999,82410.8538,674,8495.6,53364.3349,0,2.0581
1682467800000,6.28,6.285,6.268,6.269,4708.8,1682468099999,29558.3313,271,1885.9,11839.765,0,2.1908
1682468100000,6.268,6.312,6.259,6.304,9394.4,1682468399999,59060.9818,397,6261.0,39360.6058,0,2.1928
1682468400000,6.306,6.306,6.264,6.277,9795.3,1682468699999,61504.9063,354,2920.6,18336.9267,0,2.1027
1682468700000,6.276,6.305,6.276,6.289,3618.9,1682468999999,22775.0385,143,1860.7,11709.2774,0,2.1646
1682469000000,6.29,6.296,6.267,6.278,3025.2,1682469299999,19007.3398,144,1202.5,7552.6334,0,2.1666
1682469300000,6.277,6.279,6.26,6.275,2653.2,1682469599999,16645.8543,88,1231.2,7722.8835,0,2.1646
1682469600000,6.27,6.276,6.25,6.257,2591.4,1682469899999,16224.4314,114,1527.5,9564.2799,0,2.1566
1682469900000,6.256,6.28,6.256,6.268,4078.2,1682470199999,25570.48,175,2289.9,14355.8832,0,2.1616
1682470200000,6.267,6.27,6.253,6.262,2893.9,1682470499999,18124.5303,141,1242.4,7779.8634,0,2.1596
1682470500000,6.262,6.262,6.215,6.218,5873.2,1682470799999,36653.012,200,1874.7,11706.0733,0,2.1377
1682470800000,6.218,6.258,6.217,6.258,6955.9,1682471099999,43427.8563,348,3486.7,21761.0007,0,2.1516
1682471100000,6.258,6.258,6.241,6.256,4456.5,1682471399999,27869.4629,209,2828.2,17687.9648,0,2.201
1682471400000,6.258,6.258,6.229,6.231,2402.4,1682471699999,15002.5386,78,1588.7,9922.3864,0,2.1319
1682471700000,6.231,6.231,6.211,6.217,3212.2,1682471999999,19975.0356,154,1141.8,7101.5355,0,2.1506
1682472000000,6.216,6.217,6.197,6.214,3564.9,1682472299999,22135.0399,133,953.6,5918.8536,0,2.1726
1682472300000,6.214,6.221,6.195,6.215,4129.5,1682472599999,25633.274,184,493.3,3064.6858,0,2.1676
1682472600000,6.215,6.228,6.209,6.228,1828.8,1682472899999,11370.3288,119,1056.2,6565.6831,0,2.198
1682472900000,6.229,6.229,6.209,6.209,1445.1,1682473199999,8988.5775,93,211.5,1315.1075,0,2.1606
1682473200000,6.209,6.225,6.209,6.22,2564.5,1682473499999,15946.4183,123,1007.3,6262.6675,0,2.1696
1682473500000,6.22,6.252,6.22,6.252,7495.7,1682473799999,46805.0922,229,5288.3,33015.9525,0,2.2154
1682473800000,6.252,6.27,6.232,6.266,7304.4,1682474099999,45697.1862,405,4582.6,28657.6394,0,2.0358
1682474100000,6.266,6.266,6.254,6.26,3864.3,1682474399999,24195.0153,138,2011.3,12591.6638,0,2.1516
1682474400000,6.26,6.265,6.26,6.265,2334.8,1682474699999,14620.0091,85,977.7,6121.8667,0,2.1319
1682474700000,6.265,6.268,6.244,6.245,3910.2,1682474999999,24454.502,96,1961.2,12261.5857,0,2.1377
1682475000000,6.245,6.255,6.242,6.25,988.1,1682475299999,6173.4928,39,529.2,3306.7572,0,2.1516
1682475300000,6.25,6.262,6.246,6.255,3547.3,1682475599999,22186.5423,87,1995.9,12481.0955,0,2.1377
1682475600000,6.253,6.253,6.24,6.249,2004.7,1682475899999,12518.9666,59,976.8,6097.4811,0,2.0769
1682475900000,6.25,6.269,6.249,6.269,4224.0,1682476199999,26444.1448,233,3026.8,18950.9978,0,2.06
1682476200000,6.267,6.267,6.248,6.26,2803.5,1682476499999,17540.7785,245,1805.2,11293.9097,0,2.034
1682476500000,6.263,6.273,6.255,6.265,3305.3,1682476799999,20716.4594,218,2013.4,12620.8945,0,2.0562
1682476800000,6.265,6.273,6.248,6.25,3129.4,1682477099999,19596.1318,173,1279.4,8011.5575,0,2.0675
1682477100000,6.249,6.274,6.249,6.27,3546.8,1682477399999,22229.285,128,1567.7,9821.4857,0,2.0779
1682477400000,6.268,6.277,6.262,6.27,2935.7,1682477699999,18410.2622,109,1484.3,9305.2002,0,2.0562
1682477700000,6.271,6.278,6.271,6.275,1358.3,1682477999999,8524.711,55,681.5,4276.6654,0,2.0451
1682478000000,6.276,6.294,6.257,6.288,6862.5,1682478299999,43043.0745,314,3942.1,24733.1075,0,2.0432
1682478300000,6.288,6.301,6.275,6.279,4992.6,1682478599999,31401.7207,222,2784.7,17518.4862,0,2.0647
1682478600000,6.28,6.311,6.28,6.293,3369.4,1682478899999,21236.1752,154,1799.6,11338.026,0,2.0741
1682478900000,6.292,6.293,6.26,6.269,2608.8,1682479199999,16369.3901,196,1062.3,6665.2222,0,2.046
1682479200000,6.267,6.284,6.267,6.275,2955.4,1682479499999,18546.7058,146,1926.1,12082.234,0,2.0377
1682479500000,6.275,6.298,6.275,6.291,4077.8,1682479799999,25643.4006,255,2735.5,17198.3917,0,2.0003
1682479800000,6.293,6.303,6.286,6.293,4766.0,1682480099999,29997.3158,306,2409.6,15165.568,0,1.9727
1682480100000,6.294,6.311,6.294,6.306,2807.3,1682480399999,17695.9918,139,1929.1,12159.2237,0,1.986
1682480400000,6.303,6.308,6.291,6.305,3067.8,1682480699999,19326.0703,134,1387.8,8741.2316,0,1.9727
1682480700000,6.305,6.315,6.294,6.315,1733.3,1682480999999,10928.8991,112,1028.3,6484.1806,0,1.9806
1682481000000,6.313,6.343,6.312,6.326,7706.6,1682481299999,48767.7001,362,5296.7,33524.0977,0,1.9674
1682481300000,6.326,6.335,6.324,6.325,2999.1,1682481599999,18984.1019,144,1372.5,8688.8229,0,2.0039
1682481600000,6.326,6.326,6.309,6.316,5282.5,1682481899999,33374.4658,205,2466.8,15583.2869,0,1.9949
1682481900000,6.317,6.33,6.312,6.327,4400.3,1682482199999,27816.1539,138,2391.3,15116.5905,0,1.986
1682482200000,6.326,6.352,6.325,6.342,4706.9,1682482499999,29848.2061,197,2644.8,16769.6504,0,1.9744
1682482500000,6.345,6.375,6.345,6.359,3937.7,1682482799999,25057.4857,253,1878.5,11955.2032,0,1.9833
1682482800000,6.359,6.398,6.359,6.387,5816.2,1682483099999,37159.2054,305,3636.5,23232.3377,0,1.9621
1682483100000,6.387,6.445,6.387,6.416,11725.3,1682483399999,75343.5092,482,6553.4,42099.2104,0,1.9762
1682483400000,6.416,6.51,6.401,6.475,26936.6,1682483699999,174077.5534,876,19252.4,124508.6736,0,1.956
1682483700000,6.473,6.503,6.471,6.501,14312.7,1682483999999,92814.0644,515,8520.2,55262.6063,0,1.9317
1682484000000,6.502,6.556,6.5,6.555,26021.5,1682484299999,169862.3317,946,18223.5,119003.92,0,1.9044
1682484300000,6.555,6.564,6.5,6.501,24992.0,1682484599999,163087.8657,828,11247.4,73379.2554,0,1.862
1682484600000,6.5,6.504,6.438,6.451,29569.2,1682484899999,191347.5402,819,14896.6,96382.16,0,1.8027
1682484900000,6.45,6.494,6.42,6.467,18069.9,1682485199999,116549.0387,536,11282.8,72819.4772,0,1.8531
1682485200000,6.466,6.466,6.374,6.404,28878.3,1682485499999,185127.5288,920,13067.9,83731.1115,0,1.8785
1682485500000,6.401,6.444,6.382,6.406,21842.5,1682485799999,140035.4286,810,12098.4,77604.6692,0,1.942
1682485800000,6.409,6.429,6.406,6.423,5097.0,1682486099999,32729.5353,297,2966.5,19050.7023,0,1.9499
1682486100000,6.422,6.429,6.409,6.413,6352.5,1682486399999,40756.8476,185,2156.1,13834.5997,0,1.9403
1682486400000,6.416,6.453,6.416,6.442,6816.5,1682486699999,43880.552,257,3637.8,23412.2122,0,1.9095
1682486700000,6.442,6.448,6.412,6.426,5903.2,1682486999999,37973.6869,297,1206.0,7767.6476,0,1.8802
1682487000000,6.424,6.446,6.424,6.431,4881.4,1682487299999,31419.1679,209,2035.1,13100.0195,0,1.9019
1682487300000,6.439,6.46,6.439,6.445,6154.5,1682487599999,39689.0781,208,4787.4,30875.5133,0,1.8944
1682487600000,6.448,6.455,6.442,6.448,2845.5,1682487899999,18348.6017,113,1437.0,9268.2235,0,1.8736
1682487900000,6.448,6.456,6.44,6.445,3268.3,1682488199999,21076.416,167,1390.8,8970.6938,0,1.8843
1682488200000,6.442,6.45,6.432,6.438,2803.3,1682488499999,18056.9708,144,957.8,6170.8975,0,1.8977
1682488500000,6.439,6.454,6.436,6.452,3573.4,1682488799999,23040.1392,125,1647.7,10624.1353,0,1.9053
1682488800000,6.453,6.455,6.408,6.422,10847.2,1682489099999,69695.9065,367,4711.1,30252.9831,0,1.8902
1682489100000,6.414,6.416,6.398,6.414,12010.8,1682489399999,76972.5275,326,4066.9,26071.918,0,1.9516
1682489400000,6.414,6.426,6.327,6.374,43722.5,1682489699999,278561.4132,1016,10976.7,69927.7591,0,1.9499
1682489700000,6.374,6.383,6.351,6.351,15359.7,1682489999999,97828.6306,602,6981.6,44483.4109,0,2.1085
1682490000000,6.356,6.371,6.336,6.35,13770.8,1682490299999,87512.8448,410,4931.1,31353.1033,0,2.1037
1682490300000,6.344,6.361,6.31,6.339,21509.6,1682490599999,136296.2144,631,8849.1,56120.6012,0,2.1095
1682490600000,6.339,6.352,6.314,6.332,7658.5,1682490899999,48515.1859,277,2448.4,15518.613,0,2.1172
1682490900000,6.333,6.333,6.301,6.313,10742.8,1682491199999,67815.3941,415,2836.9,17912.3255,0,2.1536
1682491200000,6.314,6.342,6.314,6.326,8127.0,1682491499999,51473.7884,250,4148.4,26262.5958,0,2.1427
1682491500000,6.326,6.335,6.317,6.328,4703.8,1682491799999,29759.9703,200,2518.2,15929.0386,0,2.1309
1682491800000,6.328,6.34,6.315,6.324,2639.5,1682492099999,16691.7407,113,1140.7,7210.1702,0,2.1387
1682492100000,6.324,6.359,6.323,6.353,5902.6,1682492399999,37466.2703,224,4286.1,27206.6199,0,2.1506
1682492400000,6.351,6.351,6.323,6.333,6724.8,1682492699999,42574.6503,211,4215.1,26680.3993,0,2.127
1682492700000,6.329,6.338,6.324,6.329,3553.9,1682492999999,22498.6088,114,1603.2,10148.8413,0,2.1201
1682493000000,6.331,6.349,6.327,6.346,4639.2,1682493299999,29415.7236,147,4010.6,25433.4171,0,2.125
1682493300000,6.346,6.362,6.323,6.349,8385.7,1682493599999,53174.3408,304,5570.6,35342.4669,0,2.06
1682493600000,6.349,6.39,6.329,6.372,21090.2,1682493899999,134237.8336,566,11019.6,70124.5922,0,2.0211
1682493900000,6.371,6.38,6.32,6.349,26079.4,1682494199999,165555.8737,772,7737.8,49141.3911,0,1.9291
1682494200000,6.349,6.358,6.338,6.34,7739.8,1682494499999,49120.0,343,4919.9,31223.2359,0,1.9257
1682494500000,6.34,6.349,6.326,6.333,3051.8,1682494799999,19338.6729,132,907.7,5750.9792,0,1.949
1682494800000,6.332,6.358,6.318,6.318,6502.9,1682495099999,41208.3747,234,4889.3,30996.8229,0,1.9595
1682495100000,6.32,6.333,6.313,6.314,3784.5,1682495399999,23930.5962,122,788.4,4985.683,0,1.9674
1682495400000,6.314,6.331,6.313,6.324,1577.8,1682495699999,9978.1123,69,791.0,4999.5446,0,1.9895
1682495700000,6.326,6.357,6.326,6.345,4945.9,1682495999999,31374.9375,208,2502.2,15876.935,0,1.9878
1682496000000,6.344,6.345,6.329,6.329,4453.3,1682496299999,28195.8509,148,415.9,2633.7633,0,1.9913
1682496300000,6.329,6.329,6.323,6.323,2077.9,1682496599999,13144.5853,61,1152.6,7292.4888,0,1.9913
1682496600000,6.324,6.327,6.323,6.324,2841.8,1682496899999,17972.3591,63,1440.5,9109.722,0,1.9985
1682496900000,6.326,6.348,6.326,6.344,2911.8,1682497199999,18455.4983,128,1964.8,12452.1533,0,1.9913
1682497200000,6.343,6.368,6.34,6.347,7890.3,1682497499999,50118.6041,243,1850.9,11757.0144,0,1.978
1682497500000,6.348,6.374,6.348,6.367,5309.6,1682497799999,33795.2629,226,1872.0,11911.5333,0,2.003
1682497800000,6.367,6.375,6.361,6.369,5333.5,1682498099999,33963.5459,170,3693.7,23522.1747,0,1.9985
1682498100000,6.369,6.417,6.362,6.413,8749.8,1682498399999,55899.6237,282,7632.8,48770.1005,0,1.9744
1682498400000,6.413,6.419,6.392,6.409,7747.7,1682498699999,49637.0762,305,3358.0,21517.927,0,1.9412
1682498700000,6.409,6.437,6.398,6.403,12047.0,1682498999999,77344.3944,308,3622.6,23254.956,0,1.9326
1682499000000,6.405,6.43,6.405,6.417,4449.6,1682499299999,28553.4935,145,1600.4,10264.9677,0,1.9377
1682499300000,6.419,6.431,6.398,6.429,3385.5,1682499599999,21717.6839,162,1305.4,8375.2295,0,1.9429
1682499600000,6.43,6.443,6.396,6.401,12835.7,1682499899999,82434.1615,464,3735.9,24018.9229,0,1.9542
1682499900000,6.402,6.425,6.393,6.408,6186.8,1682500199999,39640.8754,207,3521.9,22575.4636,0,1.9815
1682500200000,6.408,6.413,6.394,6.403,2421.1,1682500499999,15493.2374,109,1104.0,7064.5418,0,1.9727
1682500500000,6.404,6.412,6.398,6.401,2725.4,1682500799999,17455.733,126,1458.3,9339.761,0,1.9842
1682500800000,6.403,6.427,6.401,6.415,4054.0,1682501099999,26007.8651,204,2749.8,17645.0705,0,1.9878
1682501100000,6.414,6.43,6.411,6.425,3878.3,1682501399999,24906.7354,167,2393.7,15373.9204,0,1.9797
1682501400000,6.426,6.453,6.426,6.444,3289.4,1682501699999,21173.0434,237,1470.7,9463.7955,0,2.0048
1682501700000,6.445,6.445,6.416,6.417,5235.6,1682501999999,33652.3455,187,1250.0,8026.4825,0,2.0084
1682502000000,6.42,6.438,6.409,6.416,3872.7,1682502299999,24867.707,225,1475.1,9473.853,0,2.0377
1682502300000,6.414,6.431,6.409,6.427,4436.7,1682502599999,28475.5379,415,2098.0,13470.183,0,2.076
1682502600000,6.428,6.437,6.411,6.424,5065.8,1682502899999,32531.8462,235,1901.3,12218.8551,0,2.075
1682502900000,6.423,6.452,6.417,6.439,17367.8,1682503199999,111874.9594,358,14704.6,94725.5891,0,2.0807
1682503200000,6.44,6.465,6.44,6.444,8357.6,1682503499999,53946.3285,322,4627.2,29869.9203,0,2.0941
1682503500000,6.444,6.458,6.439,6.44,4445.4,1682503799999,28658.8863,153,1345.7,8676.9574,0,2.0553
1682503800000,6.44,6.464,6.434,6.455,4592.2,1682504099999,29631.3964,138,2318.7,14959.6559,0,2.0637
1682504100000,6.455,6.578,6.449,6.574,43441.5,1682504399999,283527.1252,1570,28400.1,185382.5624,0,2.0656
1682504400000,6.577,6.656,6.562,6.647,119915.3,1682504699999,792692.5388,3705,73941.2,488935.8577,0,1.9446
1682504700000,6.646,6.731,6.644,6.69,124080.7,1682504999999,829997.3517,4049,70284.7,470250.1171,0,1.6731
1682505000000,6.691,6.699,6.604,6.614,129314.3,1682505299999,858527.9832,3425,52459.8,348161.3077,0,1.5075
1682505300000,6.613,6.614,6.567,6.59,55738.7,1682505599999,367041.0854,1839,25317.0,166688.923,0,1.6385
1682505600000,6.589,6.589,6.51,6.54,61785.3,1682505899999,403702.928,2220,23033.7,150515.7821,0,1.7495
1682505900000,6.541,6.566,6.53,6.544,33122.4,1682506199999,216962.8601,1195,13997.4,91743.247,0,1.9053
1682506200000,6.544,6.552,6.479,6.511,40635.2,1682506499999,264579.973,1399,12851.9,83656.1359,0,1.9727
1682506500000,6.511,6.513,6.456,6.481,28264.2,1682506799999,183209.431,874,9583.7,62107.3728,0,2.0266
1682506800000,6.481,6.547,6.481,6.545,24996.2,1682507099999,163115.4147,1144,13814.0,90093.2618,0,2.0817
1682507100000,6.546,6.555,6.492,6.492,19436.8,1682507399999,126931.7473,607,5305.8,34663.4637,0,2.0572
1682507400000,6.495,6.535,6.494,6.518,14908.1,1682507699999,97180.7164,366,6766.8,44099.2376,0,2.0637
1682507700000,6.519000,6.546000,6.519000,6.543000,7675.6,1682507999999,50163.4126000,319,4866.9,31809.9173000,0,2.0637
1682508000000,6.545000,6.563000,6.538000,6.560000,9392.2,1682508299999,61512.0114000,427,5119.9,33547.6316000,0,2.0703
1682508300000,6.553000,6.604000,6.551000,6.594000,17039.9,1682508599999,112213.1185000,542,12429.3,81869.0417000,0,2.0030
1682508600000,6.596000,6.603000,6.533000,6.547000,17938.5,1682508899999,117806.8905000,792,4176.6,27443.6460000,0,2.0084
1682508900000,6.547000,6.575000,6.547000,6.569000,4388.2,1682509199999,28788.3855000,234,2528.4,16582.9966000,0,1.9904
1682509200000,6.567000,6.571000,6.523000,6.542000,7942.7,1682509499999,51996.1646000,394,2165.2,14194.8070000,0,1.9682
1682509500000,6.539000,6.552000,6.536000,6.536000,4701.5,1682509799999,30773.0296000,195,2485.6,16273.0345000,0,1.9586
1682509800000,6.539000,6.554000,6.536000,6.540000,3464.9,1682510099999,22669.1025000,178,1459.9,9552.3156000,0,2.0211
1682510100000,6.542000,6.608000,6.531000,6.592000,17854.7,1682510399999,117225.8227000,768,13825.2,90828.3551000,0,2.0048
1682510400000,6.593000,6.606000,6.508000,6.509000,29819.1,1682510699999,195153.0358000,1061,9172.3,60065.3053000,0,2.0276
1682510700000,6.509000,6.512000,6.505000,6.510000,10707.2,1682510999999,69676.2604000,408,6259.2,40731.7774000,0,1.9360
1682511000000,6.510000,6.520000,6.506000,6.516000,7746.5,1682511299999,50455.8221000,420,3867.1,25197.8718000,0,2.0211
1682511300000,6.515000,6.550000,6.507000,6.534000,7456.2,1682511599999,48673.6061000,463,3985.0,26019.2075000,0,2.0628
1682511600000,6.537000,6.550000,6.521000,6.535000,10721.9,1682511899999,70073.9743000,438,4319.2,28234.7931000,0,2.0628
1682511900000,6.535000,6.549000,6.495000,6.539000,19563.6,1682512199999,127602.6694000,801,5072.3,33136.0706000,0,2.1387
1682512200000,6.539000,6.547000,6.454000,6.532000,40695.8,1682512499999,264542.0368000,928,9494.1,61774.4064000,0,2.2436
1682512500000,6.532000,6.550000,6.526000,6.537000,13344.0,1682512799999,87299.1114000,402,5549.5,36306.3537000,0,2.2062
1682512800000,6.538000,6.617000,6.538000,6.543000,17248.0,1682513099999,113211.8708000,623,11718.4,76927.7298000,0,2.2478
1682513100000,6.542000,6.549000,6.513000,6.519000,9718.2,1682513399999,63501.0925000,431,2077.7,13592.2693000,0,2.2499
1682513400000,6.522000,6.547000,6.519000,6.534000,5818.7,1682513699999,38010.2535000,262,3359.5,21957.1459000,0,2.1827
1682513700000,6.534000,6.553000,6.517000,6.520000,12365.5,1682513999999,80797.5517000,312,7163.8,46832.7460000,0,2.2499
1682514000000,6.520000,6.535000,6.483000,6.492000,13480.9,1682514299999,87831.3543000,427,4779.7,31161.2512000,0,2.2541
1682514300000,6.492000,6.492000,6.471000,6.478000,12621.9,1682514599999,81799.4551000,360,2596.9,16837.6911000,0,2.2712
1682514600000,6.478000,6.499000,6.475000,6.499000,4551.3,1682514899999,29528.5157000,169,1815.3,11774.9375000,0,2.2616
1682514900000,6.498000,6.503000,6.482000,6.483000,5588.7,1682515199999,36293.0034000,174,3748.8,24341.0336000,0,2.2520
1682515200000,6.486000,6.510000,6.486000,6.494000,4709.6,1682515499999,30614.3726000,159,2664.9,17326.3120000,0,2.2489
1682515500000,6.494000,6.503000,6.482000,6.500000,3819.5,1682515799999,24797.6647000,114,761.9,4948.5297000,0,2.2289
1682515800000,6.491000,6.498000,6.456000,6.462000,10297.3,1682516099999,66671.5197000,309,3727.6,24142.4258000,0,2.2310
1682516100000,6.464000,6.480000,6.394000,6.427000,24677.8,1682516399999,158651.6397000,784,6715.5,43235.5829000,0,2.2352
1682516400000,6.427000,6.447000,6.417000,6.442000,10687.5,1682516699999,68767.5194000,302,3695.1,23776.6104000,0,2.2680
1682516700000,6.442000,6.493000,6.442000,6.479000,12507.2,1682516999999,80884.4842000,472,8020.5,51857.7104000,0,2.2383
1682517000000,6.480000,6.495000,6.467000,6.480000,3413.2,1682517299999,22114.8086000,156,1196.5,7754.5750000,0,2.2268
1682517300000,6.479000,6.481000,6.467000,6.481000,2726.4,1682517599999,17650.4686000,104,1371.0,8875.3791000,0,2.1807
1682517600000,6.482000,6.501000,6.478000,6.491000,5891.8,1682517899999,38256.9125000,257,3111.0,20198.5430000,0,2.2020
1682517900000,6.491000,6.494000,6.470000,6.476000,4742.1,1682518199999,30774.3967000,157,1841.0,11951.6023000,0,2.2010
1682518200000,6.476000,6.483000,6.464000,6.471000,3853.9,1682518499999,24941.3493000,146,1177.6,7624.3244000,0,2.2113
1682518500000,6.471000,6.472000,6.371000,6.392000,18263.6,1682518799999,117159.5883000,523,2195.9,14131.2884000,0,2.2062
1682518800000,6.391000,6.395000,6.349000,6.393000,37133.1,1682519099999,236681.4556000,1009,13477.3,86015.2606000,0,2.2425
1682519100000,6.393000,6.396000,6.382000,6.396000,5780.5,1682519399999,36945.8747000,174,3081.6,19698.5998000,0,2.2082
1682519400000,6.397000,6.415000,6.395000,6.396000,9985.5,1682519699999,63989.7276000,308,5065.6,32464.0832000,0,2.2415
1682519700000,6.397000,6.398000,6.383000,6.384000,5909.2,1682519999999,37781.2308000,178,1857.5,11876.2228000,0,2.2062
1682520000000,6.384000,6.401000,6.373000,6.390000,3842.8,1682520299999,24544.5394000,214,1564.4,9993.7429000,0,2.1786
1682520300000,6.398000,6.401000,6.394000,6.401000,2128.8,1682520599999,13621.8032000,89,718.5,4597.9869000,0,2.1387
1682520600000,6.401000,6.418000,6.394000,6.406000,6859.8,1682520899999,43907.4689000,138,4948.2,31668.4088000,0,2.1456
1682520900000,6.409000,6.420000,6.400000,6.419000,5293.8,1682521199999,33941.4570000,162,3958.6,25381.8973000,0,2.1576
1682521200000,6.419000,6.422000,6.399000,6.406000,8585.0,1682521499999,55031.6212000,354,3517.3,22550.7923000,0,2.1847
1682521500000,6.406000,6.412000,6.386000,6.402000,7231.3,1682521799999,46266.2863000,318,4943.2,31634.4033000,0,2.1706
1682521800000,6.402000,6.426000,6.398000,6.419000,5610.6,1682522099999,35958.3179000,190,3912.2,25077.6590000,0,2.1756
1682522100000,6.420000,6.424000,6.401000,6.410000,5304.8,1682522399999,34022.5059000,185,2734.2,17544.8009000,0,2.1486
1682522400000,6.409000,6.423000,6.404000,6.422000,2761.9,1682522699999,17721.3554000,115,1840.5,11809.5494000,0,2.1556
1682522700000,6.422000,6.423000,6.391000,6.392000,2221.4,1682522999999,14229.2083000,120,654.3,4191.2986000,0,2.1817
1682523000000,6.394000,6.396000,6.379000,6.388000,6241.2,1682523299999,39869.8423000,271,2822.7,18038.4096000,0,2.1716
1682523300000,6.386000,6.400000,6.382000,6.395000,2599.0,1682523599999,16601.1264000,206,1820.4,11627.4284000,0,2.1857
1682523600000,6.394000,6.405000,6.385000,6.397000,5104.2,1682523899999,32643.8817000,161,2132.7,13645.5821000,0,2.2010
1682523900000,6.403000,6.403000,6.387000,6.390000,3044.0,1682524199999,19465.4309000,138,1418.6,9072.9529000,0,2.1626
1682524200000,6.390000,6.390000,6.372000,6.379000,5251.2,1682524499999,33524.2224000,144,1184.2,7559.5955000,0,2.2062
1682524500000,6.377000,6.380000,6.365000,6.376000,4512.8,1682524799999,28751.3099000,250,1908.5,12160.7006000,0,2.2175
1682524800000,6.377000,6.394000,6.366000,6.390000,9771.7,1682525099999,62399.7621000,414,5279.2,33717.2188000,0,2.2478
1682525100000,6.390000,6.396000,6.385000,6.388000,2361.4,1682525399999,15090.7834000,144,1457.2,9313.7070000,0,2.2415
1682525400000,6.389000,6.407000,6.388000,6.391000,5162.7,1682525699999,33032.1047000,198,3807.6,24364.1631000,0,2.1827
1682525700000,6.391000,6.394000,6.356000,6.365000,6409.1,1682525999999,40850.8270000,394,1682.1,10738.7950000,0,2.1827
1682526000000,6.361000,6.367000,6.336000,6.359000,6411.7,1682526299999,40685.2398000,293,2182.6,13852.9845000,0,2.1417
1682526300000,6.360000,6.387000,6.359000,6.365000,6182.5,1682526599999,39400.8445000,304,3449.7,21997.5512000,0,2.1847
1682526600000,6.364000,6.365000,6.331000,6.342000,7465.1,1682526899999,47336.5035000,245,1061.0,6735.2008000,0,2.2268
1682526900000,6.342000,6.349000,6.327000,6.349000,3545.1,1682527199999,22477.2560000,179,2746.1,17417.2254000,0,2.1756
1682527200000,6.348000,6.353000,6.326000,6.342000,4345.7,1682527499999,27541.6938000,224,1618.9,10274.0911000,0,2.1546
1682527500000,6.345000,6.366000,6.341000,6.360000,6780.4,1682527799999,43077.5071000,380,5364.0,34082.4391000,0,2.1172
1682527800000,6.355000,6.371000,6.348000,6.371000,3066.2,1682528099999,19505.8320000,198,2451.7,15598.3686000,0,2.2541
1682528100000,6.371000,6.381000,6.368000,6.378000,4046.3,1682528399999,25799.8899000,249,3614.5,23047.2166000,0,2.1486
1682528400000,6.379000,6.394000,6.366000,6.394000,8914.5,1682528699999,56888.3440000,504,5122.4,32705.1668000,0,2.1133
1682528700000,6.394000,6.394000,6.368000,6.380000,3421.7,1682528999999,21828.3811000,378,1278.7,8159.0185000,0,2.0788
1682529000000,6.382000,6.398000,6.377000,6.391000,6609.5,1682529299999,42225.8148000,331,5544.7,35424.5325000,0,2.2595
1682529300000,6.391000,6.398000,6.382000,6.394000,2532.1,1682529599999,16185.5147000,119,1425.6,9112.6299000,0,2.1153
1682529600000,6.390000,6.395000,6.387000,6.395000,1582.3,1682529899999,10115.4865000,78,1011.3,6465.0497000,0,2.1726
1682529900000,6.396000,6.411000,6.395000,6.410000,4091.0,1682530199999,26191.0067000,155,2540.2,16262.2918000,0,2.1766
1682530200000,6.409000,6.411000,6.382000,6.401000,5964.5,1682530499999,38144.0337000,247,1598.1,10226.3311000,0,2.1817
1682530500000,6.402000,6.418000,6.401000,6.405000,4303.4,1682530799999,27588.7348000,228,3333.9,21373.6968000,0,2.1756
1682530800000,6.407000,6.425000,6.403000,6.419000,3415.3,1682531099999,21916.3579000,173,2399.1,15394.1001000,0,2.1797
1682531100000,6.424000,6.427000,6.384000,6.386000,4255.3,1682531399999,27280.1187000,179,1685.8,10820.9869000,0,2.1636
1682531400000,6.386000,6.403000,6.381000,6.399000,4664.8,1682531699999,29815.4215000,171,2456.1,15698.8944000,0,2.1556
1682531700000,6.398000,6.407000,6.370000,6.376000,15055.9,1682531999999,96077.3709000,282,2522.3,16111.2856000,0,2.1746
1682532000000,6.376000,6.393000,6.373000,6.390000,6040.1,1682532299999,38586.6950000,264,3915.5,25013.1787000,0,2.1636
1682532300000,6.390000,6.395000,6.370000,6.389000,6171.4,1682532599999,39406.4336000,215,2290.6,14630.9189000,0,2.1576
1682532600000,6.389000,6.397000,6.389000,6.397000,2005.6,1682532899999,12818.9514000,70,1591.0,10169.7332000,0,2.1556
1682532900000,6.397000,6.402000,6.388000,6.390000,4098.7,1682533199999,26226.6909000,104,1835.3,11743.3176000,0,2.1576
1682533200000,6.391000,6.402000,6.388000,6.398000,2206.3,1682533499999,14113.6049000,90,1067.4,6827.3069000,0,2.1726
1682533500000,6.397000,6.417000,6.397000,6.401000,3147.0,1682533799999,20161.2441000,109,1903.8,12192.3511000,0,2.1626
1682533800000,6.405000,6.421000,6.405000,6.413000,2836.4,1682534099999,18192.7762000,118,1723.1,11051.0739000,0,2.1536
1682534100000,6.411000,6.415000,6.409000,6.414000,1535.4,1682534399999,9846.4061000,67,1231.9,7899.9661000,0,2.1427
1682534400000,6.412000,6.419000,6.411000,6.413000,2050.4,1682534699999,13153.8161000,133,1054.1,6761.2599000,0,2.1201
1682534700000,6.413000,6.428000,6.406000,6.421000,3636.2,1682534999999,23331.1653000,161,2649.2,17000.6421000,0,2.0989
1682535000000,6.418000,6.425000,6.390000,6.390000,3235.2,1682535299999,20744.0890000,154,958.8,6155.5940000,0,2.1646
1682535300000,6.395000,6.436000,6.395000,6.433000,7226.1,1682535599999,46424.6420000,338,5459.0,35065.2160000,0,2.1586
1682535600000,6.434000,6.434000,6.416000,6.424000,4134.6,1682535899999,26553.8404000,202,2128.7,13665.1156000,0,2.1867
1682535900000,6.424000,6.425000,6.375000,6.385000,8202.4,1682536199999,52433.1158000,323,1629.8,10439.1185000,0,2.1348
1682536200000,6.384000,6.408000,6.380000,6.407000,4604.2,1682536499999,29444.4982000,132,3450.7,22066.8593000,0,2.1397
1682536500000,6.407000,6.412000,6.372000,6.372000,7051.3,1682536799999,45090.0684000,301,3352.8,21425.2799000,0,2.1516
1682536800000,6.372000,6.374000,6.279000,6.293000,31921.7,1682537099999,201835.6419000,1256,6625.2,41950.1889000,0,2.1348
1682537100000,6.293000,6.315000,6.268000,6.268000,14790.4,1682537399999,93060.8003000,738,6651.9,41882.8944000,0,2.0066
1682537400000,6.266000,6.328000,6.201000,6.219000,42729.2,1682537699999,267319.7732000,1115,15721.3,98634.5434000,0,2.3058
1682537700000,6.219000,6.223000,6.089000,6.106000,27819.1,1682537999999,171295.4970000,784,10074.3,62052.5489000,0,2.2010
1682538000000,6.101000,6.144000,6.038000,6.093000,25908.0,1682538299999,157910.1715000,891,11664.8,71248.5205000,0,2.1857
1682538300000,6.092000,6.093000,5.935000,5.990000,35005.1,1682538599999,210101.6897000,1260,13258.7,79712.7222000,0,2.0950
1682538600000,5.991000,6.074000,5.990000,6.061000,12861.0,1682538899999,77713.9859000,405,8423.7,50890.8552000,0,2.3014
1682538900000,6.058000,6.058000,5.997000,6.016000,8443.7,1682539199999,50813.3946000,500,4775.1,28719.7214000,0,2.2072
1682539200000,6.016000,6.016000,5.800000,5.872000,56908.1,1682539499999,336022.7859000,1832,19301.4,113891.3861000,0,2.0779
1682539500000,5.867000,5.917000,5.867000,5.912000,13616.0,1682539799999,80396.2117000,555,7578.2,44738.0147000,0,2.0111
1682539800000,5.913000,5.959000,5.913000,5.954000,7558.7,1682540099999,44883.1123000,319,4441.5,26360.7912000,0,1.9922
1682540100000,5.953000,5.979000,5.924000,5.954000,13040.4,1682540399999,77593.5383000,404,5615.3,33405.9862000,0,1.9718
1682540400000,5.954000,5.963000,5.939000,5.955000,8386.5,1682540699999,49944.7949000,364,4552.9,27108.2095000,0,2.0003
1682540700000,5.955000,5.968000,5.919000,5.934000,5305.8,1682540999999,31555.7456000,384,2019.3,12022.0543000,0,2.0902
1682541000000,5.932000,5.995000,5.932000,5.995000,5994.3,1682541299999,35737.0165000,272,4275.5,25498.7955000,0,2.0057
1682541300000,5.995000,6.030000,5.970000,5.978000,9450.2,1682541599999,56736.3162000,430,6801.7,40872.7678000,0,1.9922
1682541600000,5.975000,6.026000,5.975000,6.025000,5279.9,1682541899999,31690.2097000,212,3595.5,21571.0582000,0,1.9869
1682541900000,6.026000,6.031000,6.011000,6.018000,5460.1,1682542199999,32870.3382000,260,3255.9,19605.0255000,0,1.9904
1682542200000,6.022000,6.066000,6.022000,6.058000,5664.9,1682542499999,34241.3350000,397,3805.9,23007.3555000,0,2.0039
1682542500000,6.061000,6.112000,6.059000,6.112000,8720.5,1682542799999,53031.0943000,481,5541.4,33708.9064000,0,1.9291
1682542800000,6.111000,6.111000,6.080000,6.090000,9406.4,1682543099999,57366.2798000,426,2534.5,15454.4003000,0,1.8719
1682543100000,6.090000,6.095000,6.067000,6.094000,6135.4,1682543399999,37302.8511000,380,3132.0,19042.8607000,0,1.8860
1682543400000,6.095000,6.119000,6.078000,6.108000,10700.5,1682543699999,65308.8714000,604,5433.8,33185.0532000,0,1.8910
1682543700000,6.107000,6.132000,6.069000,6.094000,13003.5,1682543999999,79271.5039000,618,4214.3,25726.9518000,0,1.8273
1682544000000,6.094000,6.138000,6.094000,6.129000,9452.4,1682544299999,57843.0472000,396,7280.3,44554.3204000,0,1.8058
1682544300000,6.128000,6.136000,6.120000,6.136000,4694.6,1682544599999,28776.4586000,242,2434.8,14926.7729000,0,1.8337
1682544600000,6.138000,6.162000,6.126000,6.141000,6730.2,1682544899999,41358.3824000,323,4536.2,27890.5204000,0,1.7770
1682544900000,6.141000,6.147000,6.098000,6.146000,10750.8,1682545199999,65861.4621000,326,4574.1,28066.1853000,0,1.7824
1682545200000,6.144000,6.144000,6.129000,6.139000,2533.8,1682545499999,15549.6250000,110,594.8,3650.8523000,0,1.7886
1682545500000,6.134000,6.148000,6.134000,6.142000,3135.1,1682545799999,19254.8714000,143,1793.7,11015.1177000,0,1.7972
1682545800000,6.141000,6.175000,6.138000,6.174000,8378.4,1682546099999,51588.1168000,202,7183.9,44239.1850000,0,1.8193
1682546100000,6.175000,6.194000,6.165000,6.194000,7212.6,1682546399999,44598.7408000,309,3697.0,22849.9080000,0,1.8145
1682546400000,6.192000,6.217000,6.188000,6.203000,9930.4,1682546699999,61621.8070000,455,4724.4,29313.4024000,0,1.8050
1682546700000,6.202000,6.226000,6.199000,6.221000,5023.0,1682546999999,31206.5012000,288,3748.4,23284.8651000,0,1.8305
1682547000000,6.220000,6.243000,6.218000,6.223000,5905.4,1682547299999,36782.1444000,307,2634.9,16410.5296000,0,1.8090
1682547300000,6.224000,6.230000,6.219000,6.230000,1671.4,1682547599999,10404.2155000,132,951.6,5924.3933000,0,1.8209
1682547600000,6.229000,6.241000,6.229000,6.241000,1749.4,1682547899999,10905.5200000,122,774.9,4831.1708000,0,1.8409
1682547900000,6.240000,6.240000,6.205000,6.218000,2008.8,1682548199999,12499.1642000,168,745.8,4641.5338000,0,1.8177
1682548200000,6.217000,6.217000,6.195000,6.197000,2975.4,1682548499999,18455.2807000,158,1412.7,8760.8247000,0,1.8106
1682548500000,6.197000,6.198000,6.176000,6.182000,2821.3,1682548799999,17460.6233000,105,1660.5,10273.4388000,0,1.8153
1682548800000,6.184000,6.185000,6.179000,6.179000,1688.5,1682549099999,10438.4984000,69,554.8,3430.1594000,0,1.8169
1682549100000,6.180000,6.200000,6.180000,6.199000,1698.1,1682549399999,10508.1630000,92,1123.8,6953.0350000,0,1.8145
1682549400000,6.198000,6.210000,6.184000,6.197000,2570.3,1682549699999,15929.8632000,182,1690.4,10476.0740000,0,1.7886
1682549700000,6.197000,6.217000,6.197000,6.202000,2111.8,1682549999999,13106.5054000,269,1471.7,9131.9342000,0,1.7755
1682550000000,6.202000,6.227000,6.190000,6.227000,6217.5,1682550299999,38598.1381000,380,4353.6,27043.0341000,0,1.7480
1682550300000,6.223000,6.230000,6.205000,6.217000,2613.5,1682550599999,16252.4848000,199,1140.1,7091.1195000,0,1.7196
1682550600000,6.217000,6.247000,6.211000,6.242000,2033.1,1682550899999,12678.8065000,161,1196.2,7461.3021000,0,1.7196
1682550900000,6.243000,6.249000,6.235000,6.238000,3178.3,1682551199999,19842.5058000,259,1971.8,12309.7320000,0,1.7064
1682551200000,6.240000,6.240000,6.220000,6.229000,1116.8,1682551499999,6954.4007000,122,581.4,3620.9632000,0,1.6969
1682551500000,6.229000,6.246000,6.229000,6.239000,1289.1,1682551799999,8040.9366000,84,647.1,4034.3228000,0,1.7042
1682551800000,6.239000,6.265000,6.218000,6.220000,3901.0,1682552099999,24350.7826000,210,2125.8,13265.0000000,0,1.7144
1682552100000,6.227000,6.231000,6.221000,6.223000,1065.6,1682552399999,6635.9409000,49,302.9,1886.4464000,0,1.7181
1682552400000,6.222000,6.230000,6.214000,6.214000,2323.0,1682552699999,14450.3178000,75,286.5,1783.1104000,0,1.7159
1682552700000,6.214000,6.244000,6.214000,6.238000,2383.8,1682552999999,14848.0288000,139,1783.1,11106.5306000,0,1.7248
1682553000000,6.239000,6.252000,6.234000,6.242000,1645.2,1682553299999,10269.5231000,133,752.4,4695.7236000,0,1.7503
1682553300000,6.241000,6.250000,6.234000,6.242000,1810.5,1682553599999,11300.4799000,93,410.5,2562.0742000,0,1.7390
1682553600000,6.244000,6.246000,6.199000,6.200000,5970.1,1682553899999,37167.3445000,242,2053.4,12787.0210000,0,1.7473
1682553900000,6.200000,6.212000,6.200000,6.206000,3117.4,1682554199999,19343.2770000,218,1764.5,10948.9969000,0,1.7300
1682554200000,6.207000,6.234000,6.202000,6.232000,2957.3,1682554499999,18386.1449000,377,1336.9,8312.4942000,0,1.7832
1682554500000,6.232000,6.272000,6.232000,6.266000,2908.5,1682554799999,18179.2793000,248,1728.4,10809.5302000,0,1.8003
1682554800000,6.268000,6.332000,6.266000,6.324000,8355.9,1682555099999,52616.3682000,333,4024.8,25344.5476000,0,1.7988
1682555100000,6.330000,6.334000,6.302000,6.333000,11533.5,1682555399999,72873.1470000,424,1988.0,12568.4521000,0,1.7693
1682555400000,6.334000,6.396000,6.334000,6.339000,17906.2,1682555699999,113909.3376000,808,11101.9,70654.7271000,0,1.8678
1682555700000,6.338000,6.362000,6.319000,6.324000,5210.0,1682555999999,33037.3382000,376,1773.6,11253.3369000,0,1.9940
1682556000000,6.325000,6.352000,6.324000,6.339000,4810.9,1682556299999,30507.1055000,310,3031.0,19215.0774000,0,1.8810
1682556300000,6.341000,6.353000,6.339000,6.353000,2168.6,1682556599999,13754.3053000,183,1428.6,9061.3949000,0,1.8337
1682556600000,6.352000,6.373000,6.352000,6.368000,1920.2,1682556899999,12222.9673000,223,1354.5,8621.8924000,0,1.8035
1682556900000,6.368000,6.368000,6.351000,6.361000,1799.1,1682557199999,11438.4962000,147,878.4,5583.1006000,0,1.7878
1682557200000,6.362000,6.365000,6.326000,6.329000,6639.8,1682557499999,42138.7783000,504,1365.8,8676.1144000,0,1.8401
1682557500000,6.329000,6.342000,6.311000,6.311000,7378.3,1682557799999,46660.1373000,509,1975.5,12502.4650000,0,2.0367
1682557800000,6.311000,6.324000,6.286000,6.291000,8196.0,1682558099999,51670.4807000,397,880.7,5559.6774000,0,2.1939
1682558100000,6.292000,6.323000,6.291000,6.314000,2802.4,1682558399999,17692.6429000,284,1977.5,12482.0997000,0,2.2733
1682558400000,6.314000,6.315000,6.241000,6.241000,6876.8,1682558699999,43165.3254000,491,2576.6,16168.1805000,0,2.1114
1682558700000,6.242000,6.275000,6.236000,6.269000,3636.3,1682558999999,22745.9452000,333,1463.8,9153.6043000,0,2.1095
1682559000000,6.269000,6.279000,6.258000,6.269000,2459.9,1682559299999,15416.8882000,197,1388.9,8704.7386000,0,2.1990
1682559300000,6.273000,6.296000,6.272000,6.281000,3479.3,1682559599999,21866.4221000,367,2391.3,15032.6325000,0,2.2082
1682559600000,6.284000,6.290000,6.272000,6.278000,2875.4,1682559899999,18065.8079000,174,880.2,5527.3190000,0,2.0544
1682559900000,6.276000,6.280000,6.261000,6.265000,3083.6,1682560199999,19338.8604000,268,1689.8,10599.3260000,0,2.2123
1682560200000,6.265000,6.265000,6.242000,6.242000,4181.5,1682560499999,26164.6173000,272,540.0,3373.8439000,0,2.0703
1682560500000,6.246000,6.253000,6.237000,6.244000,2151.7,1682560799999,13435.7075000,81,766.9,4786.5992000,0,2.2123
1682560800000,6.242000,6.268000,6.242000,6.268000,3334.4,1682561099999,20857.7669000,227,2136.7,13364.7723000,0,2.1616
1682561100000,6.268000,6.310000,6.262000,6.285000,9630.6,1682561399999,60539.0236000,555,7916.6,49770.1302000,0,2.1918
1682561400000,6.283000,6.311000,6.280000,6.311000,5381.1,1682561699999,33847.8347000,313,3586.1,22560.6498000,0,2.0912
1682561700000,6.310000,6.313000,6.290000,6.291000,3311.2,1682561999999,20868.6064000,255,1953.2,12310.3718000,0,2.0057
1682562000000,6.291000,6.291000,6.286000,6.287000,817.1,1682562299999,5138.7943000,46,415.0,2610.0695000,0,1.9958
1682562300000,6.284000,6.284000,6.278000,6.281000,842.6,1682562599999,5292.0869000,37,573.5,3601.9273000,0,2.0312
1682562600000,6.281000,6.281000,6.252000,6.276000,9876.5,1682562899999,61840.5060000,239,667.3,4179.8911000,0,2.0386
1682562900000,6.279000,6.282000,6.258000,6.260000,5667.8,1682563199999,35525.5217000,429,1613.0,10114.0302000,0,2.0506
1682563200000,6.260000,6.272000,6.258000,6.262000,2232.9,1682563499999,13988.4163000,221,1290.2,8083.1620000,0,2.3167
1682563500000,6.261000,6.269000,6.255000,6.269000,1494.2,1682563799999,9354.9489000,134,738.3,4621.4486000,0,2.1417
1682563800000,6.266000,6.285000,6.252000,6.267000,5396.6,1682564099999,33848.6053000,198,3925.5,24625.0381000,0,2.1358
1682564100000,6.267000,6.276000,6.267000,6.276000,1316.5,1682564399999,8260.4450000,153,1025.3,6433.2562000,0,2.1319
1682564400000,6.275000,6.279000,6.249000,6.262000,7041.8,1682564699999,44116.1131000,453,2645.5,16573.9733000,0,2.0989
1682564700000,6.259000,6.261000,6.230000,6.232000,2956.6,1682564999999,18475.9819000,320,1333.8,8335.5096000,0,2.2862
1682565000000,6.233000,6.247000,6.233000,6.242000,765.2,1682565299999,4776.3128000,85,383.5,2393.1719000,0,2.1676
1682565300000,6.242000,6.244000,6.235000,6.241000,1827.5,1682565599999,11403.9083000,88,1198.0,7474.5619000,0,2.1536
1682565600000,6.241000,6.244000,6.239000,6.243000,1059.4,1682565899999,6613.3136000,87,606.2,3784.4875000,0,2.1407
1682565900000,6.243000,6.243000,6.240000,6.241000,541.7,1682566199999,3381.0322000,24,306.4,1912.3204000,0,2.1211
1682566200000,6.246000,6.250000,6.243000,6.248000,1044.6,1682566499999,6525.8102000,56,694.1,4336.0084000,0,2.1279
1682566500000,6.247000,6.256000,6.240000,6.255000,1204.0,1682566799999,7520.5947000,45,564.9,3527.5867000,0,2.1486
1682566800000,6.255000,6.256000,6.239000,6.240000,1414.9,1682567099999,8838.3583000,71,609.7,3807.8428000,0,2.1716
1682567100000,6.241000,6.256000,6.237000,6.256000,992.3,1682567399999,6196.5772000,51,266.6,1665.4595000,0,2.1656
1682567400000,6.255000,6.263000,6.251000,6.252000,1083.0,1682567699999,6772.6156000,59,556.1,3476.9177000,0,2.1656
1682567700000,6.257000,6.260000,6.227000,6.234000,1564.6,1682567999999,9763.1728000,75,487.8,3042.0775000,0,2.1847
1682568000000,6.234000,6.234000,6.213000,6.230000,5528.5,1682568299999,34403.7316000,207,1877.3,11690.8391000,0,2.1776
1682568300000,6.230000,6.231000,6.230000,6.230000,656.6,1682568599999,4090.7662000,16,148.2,923.4342000,0,2.1969
1682568600000,6.230000,6.231000,6.230000,6.231000,601.6,1682568899999,3748.1755000,25,207.5,1292.9325000,0,2.2041
1682568900000,6.231000,6.252000,6.231000,6.252000,2377.6,1682569199999,14845.6235000,79,1416.1,8838.9706000,0,2.1990
1682569200000,6.251000,6.253000,6.241000,6.242000,1387.9,1682569499999,8668.9785000,78,769.4,4806.2099000,0,2.1786
1682569500000,6.243000,6.244000,6.238000,6.243000,1115.2,1682569799999,6959.0784000,53,766.4,4782.5491000,0,2.2206
1682569800000,6.243000,6.249000,6.237000,6.243000,1826.1,1682570099999,11400.0563000,89,1015.5,6338.5263000,0,2.2041
1682570100000,6.243000,6.249000,6.235000,6.244000,1777.8,1682570399999,11101.3222000,83,920.0,5745.0999000,0,2.1939
1682570400000,6.244000,6.256000,6.237000,6.255000,1771.6,1682570699999,11066.8865000,113,1210.9,7564.0216000,0,2.2123
1682570700000,6.255000,6.256000,6.250000,6.256000,1337.5,1682570999999,8364.1124000,74,809.1,5060.0139000,0,2.2082
1682571000000,6.256000,6.269000,6.254000,6.267000,1914.5,1682571299999,11987.3270000,116,1361.0,8521.9266000,0,2.2144
1682571300000,6.265000,6.293000,6.261000,6.281000,6462.6,1682571599999,40576.0262000,259,4759.2,29887.8619000,0,2.1807
1682571600000,6.279000,6.294000,6.273000,6.288000,5083.4,1682571899999,31954.6685000,237,2652.1,16673.1069000,0,2.1817
1682571900000,6.289000,6.289000,6.271000,6.283000,2227.5,1682572199999,13994.4971000,78,571.0,3587.2503000,0,2.1939
1682572200000,6.283000,6.284000,6.278000,6.278000,662.4,1682572499999,4159.5602000,40,359.9,2259.5619000,0,2.2092
1682572500000,6.279000,6.279000,6.264000,6.266000,1889.3,1682572799999,11846.7874000,87,647.2,4058.3642000,0,2.2216
1682572800000,6.267000,6.283000,6.265000,6.276000,2303.3,1682573099999,14442.4052000,243,1068.8,6704.0429000,0,2.2531
1682573100000,6.276000,6.277000,6.272000,6.273000,1046.5,1682573399999,6565.7152000,41,175.2,1099.4148000,0,2.2383
1682573400000,6.272000,6.287000,6.266000,6.280000,3961.5,1682573699999,24865.0406000,196,2521.1,15825.7947000,0,2.2563
1682573700000,6.283000,6.284000,6.276000,6.281000,1474.2,1682573999999,9256.8859000,72,762.3,4785.9713000,0,2.2248
1682574000000,6.280000,6.281000,6.250000,6.252000,5270.7,1682574299999,33034.3653000,176,1434.4,8997.3119000,0,2.2510
1682574300000,6.253000,6.258000,6.248000,6.248000,1405.7,1682574599999,8788.1196000,186,462.2,2889.0278000,0,2.3014
1682574600000,6.249000,6.255000,6.243000,6.249000,1957.3,1682574899999,12228.3859000,118,776.0,4848.1315000,0,2.2651
1682574900000,6.246000,6.246000,6.226000,6.234000,4527.0,1682575199999,28236.8969000,167,1928.9,12037.1636000,0,2.2446
1682575200000,6.235000,6.240000,6.224000,6.229000,5516.5,1682575499999,34394.4204000,236,2507.9,15639.3365000,0,2.2310
1682575500000,6.229000,6.233000,6.185000,6.195000,13521.3,1682575799999,83893.4186000,484,3275.6,20339.1940000,0,2.2279
1682575800000,6.199000,6.208000,6.185000,6.196000,3238.8,1682576099999,20070.2899000,132,1688.6,10462.3395000,0,2.2092
1682576100000,6.197000,6.197000,6.166000,6.174000,3420.9,1682576399999,21141.6419000,180,657.0,4061.3593000,0,2.2196
1682576400000,6.172000,6.202000,6.172000,6.187000,4617.0,1682576699999,28576.5231000,215,3504.6,21697.1170000,0,2.2938
1682576700000,6.187000,6.193000,6.179000,6.185000,2149.5,1682576999999,13298.3309000,114,1264.6,7823.4841000,0,2.2154
1682577000000,6.185000,6.205000,6.185000,6.185000,2873.3,1682577299999,17801.7181000,157,2196.9,13612.2159000,0,2.2227
1682577300000,6.186000,6.224000,6.183000,6.220000,7095.8,1682577599999,44051.7496000,279,4911.7,30505.3082000,0,2.2520
1682577600000,6.213000,6.213000,6.196000,6.199000,2542.5,1682577899999,15773.7630000,105,1484.8,9209.5297000,0,2.2394
1682577900000,6.193000,6.200000,6.188000,6.200000,1291.2,1682578199999,7999.1996000,75,687.9,4261.3707000,0,2.2331
1682578200000,6.197000,6.197000,6.111000,6.114000,13015.3,1682578499999,79901.6302000,404,2186.8,13461.9882000,0,2.2541
1682578500000,6.116000,6.174000,6.116000,6.174000,6327.8,1682578799999,38968.7751000,249,2415.3,14843.3322000,0,2.2755
1682578800000,6.175000,6.175000,6.123000,6.139000,12797.2,1682579099999,78620.6745000,373,6237.4,38329.1701000,0,2.2362
1682579100000,6.139000,6.160000,6.133000,6.155000,1932.1,1682579399999,11875.2681000,150,1056.7,6497.7802000,0,2.2113
1682579400000,6.159000,6.187000,6.159000,6.175000,6564.6,1682579699999,40543.7678000,225,5182.9,32014.5086000,0,2.2092
1682579700000,6.176000,6.176000,6.167000,6.168000,2252.0,1682579999999,13899.9633000,249,1493.5,9218.5947000,0,2.1456
1682580000000,6.167000,6.169000,6.149000,6.153000,1502.8,1682580299999,9256.0360000,83,480.1,2957.7388000,0,2.1716
1682580300000,6.154000,6.154000,6.148000,6.153000,1107.9,1682580599999,6815.4574000,40,518.4,3188.9925000,0,2.2383
1682580600000,6.153000,6.171000,6.152000,6.161000,1467.0,1682580899999,9033.0678000,107,1061.2,6534.1354000,0,2.2362
1682580900000,6.161000,6.177000,6.152000,6.164000,2212.8,1682581199999,13633.7907000,112,1346.9,8296.8118000,0,2.1576
1682581200000,6.164000,6.165000,6.156000,6.161000,1150.1,1682581499999,7085.1817000,79,834.4,5140.3240000,0,2.1949
1682581500000,6.159000,6.159000,6.140000,6.152000,3719.3,1682581799999,22864.7342000,132,728.5,4477.1245000,0,2.1857
1682581800000,6.151000,6.163000,6.140000,6.162000,1779.7,1682582099999,10949.4424000,89,1194.7,7348.4845000,0,2.2000
1682582100000,6.161000,6.161000,6.145000,6.145000,1909.9,1682582399999,11754.9200000,97,997.8,6139.8108000,0,2.1867
1682582400000,6.146000,6.158000,6.145000,6.158000,4117.4,1682582699999,25345.9549000,161,2606.9,16047.9363000,0,2.1817
1682582700000,6.159000,6.159000,6.142000,6.148000,1037.5,1682582999999,6380.9619000,101,586.7,3608.0599000,0,2.1456
1682583000000,6.151000,6.151000,6.136000,6.139000,1450.2,1682583299999,8912.6610000,102,1081.9,6649.2300000,0,2.1546
1682583300000,6.139000,6.139000,6.105000,6.116000,12108.3,1682583599999,74085.5017000,437,2911.6,17823.8623000,0,2.1417
1682583600000,6.116000,6.152000,6.116000,6.152000,3367.3,1682583899999,20668.1445000,227,2420.8,14853.2263000,0,2.2062
1682583900000,6.152000,6.169000,6.146000,6.155000,2632.8,1682584199999,16202.9068000,124,1145.0,7048.6146000,0,2.1646
1682584200000,6.154000,6.156000,6.142000,6.156000,2063.7,1682584499999,12686.8502000,129,1323.3,8135.7777000,0,2.1980
1682584500000,6.156000,6.167000,6.156000,6.161000,1330.8,1682584799999,8200.9139000,86,928.1,5719.0829000,0,2.1847
1682584800000,6.161000,6.161000,6.131000,6.142000,2639.7,1682585099999,16221.2263000,143,1002.9,6163.5542000,0,2.1736
1682585100000,6.141000,6.141000,6.132000,6.132000,1453.9,1682585399999,8920.6076000,103,903.2,5542.0011000,0,2.2289
1682585400000,6.132000,6.145000,6.125000,6.132000,3158.9,1682585699999,19381.3293000,159,2155.5,13228.8602000,0,2.2248
1682585700000,6.130000,6.130000,6.114000,6.122000,1528.7,1682585999999,9357.2129000,83,360.1,2203.7904000,0,2.1566
1682586000000,6.122000,6.122000,6.108000,6.114000,3532.9,1682586299999,21601.7480000,177,1103.3,6746.6109000,0,2.1918
1682586300000,6.112000,6.118000,6.108000,6.118000,3219.4,1682586599999,19689.3207000,97,818.3,5003.6725000,0,2.1928
1682586600000,6.117000,6.124000,6.101000,6.111000,11107.9,1682586899999,67942.1368000,273,8240.7,50423.4504000,0,2.2227
1682586900000,6.111000,6.111000,6.104000,6.105000,427.4,1682587199999,2610.6255000,62,205.7,1256.6485000,0,2.2237
1682587200000,6.105000,6.109000,6.084000,6.088000,3041.4,1682587499999,18539.5562000,120,317.1,1933.5307000,0,2.2123
1682587500000,6.089000,6.092000,6.084000,6.091000,1364.1,1682587799999,8306.0733000,68,399.3,2431.8447000,0,2.2134
1682587800000,6.087000,6.092000,6.061000,6.072000,10520.9,1682588099999,63883.6151000,402,2030.5,12328.5574000,0,2.2103
1682588100000,6.072000,6.080000,6.054000,6.079000,6946.2,1682588399999,42135.9797000,315,1952.5,11853.0332000,0,2.1656
1682588400000,6.078000,6.092000,6.075000,6.081000,1596.5,1682588699999,9713.7945000,100,804.3,4892.6012000,0,2.1898
1682588700000,6.081000,6.098000,6.081000,6.098000,4306.8,1682588999999,26241.3991000,206,3617.5,22041.0160000,0,2.1867
1682589000000,6.097000,6.098000,6.071000,6.075000,4112.6,1682589299999,25038.5592000,283,1099.2,6691.0157000,0,2.1211
1682589300000,6.075000,6.081000,6.064000,6.070000,2347.9,1682589599999,14257.1958000,253,1178.4,7157.1056000,0,2.2563
1682589600000,6.070000,6.079000,6.046000,6.069000,6792.0,1682589899999,41175.9909000,364,3139.8,19041.4489000,0,2.1878
1682589900000,6.070000,6.077000,6.060000,6.077000,1752.9,1682590199999,10637.8215000,91,1208.9,7336.2549000,0,2.1676
1682590200000,6.077000,6.091000,6.076000,6.091000,2014.9,1682590499999,12257.8010000,99,1403.7,8540.7552000,0,2.1546
1682590500000,6.090000,6.096000,6.089000,6.095000,5043.0,1682590799999,30713.0918000,131,954.6,5815.1861000,0,2.1506
1682590800000,6.093000,6.098000,6.090000,6.095000,3018.4,1682591099999,18392.5979000,121,1774.8,10817.1592000,0,2.1837
1682591100000,6.095000,6.095000,6.089000,6.090000,2472.1,1682591399999,15059.5974000,89,1057.5,6442.5080000,0,2.2134
1682591400000,6.090000,6.097000,6.089000,6.097000,3944.9,1682591699999,24027.5285000,131,1642.6,10007.4239000,0,2.2185
1682591700000,6.095000,6.097000,6.074000,6.097000,6709.3,1682591999999,40822.8501000,245,1758.0,10702.4397000,0,2.1959
1682592000000,6.094000,6.094000,6.057000,6.061000,8762.2,1682592299999,53173.0007000,333,2502.4,15198.3081000,0,2.2185
1682592300000,6.062000,6.091000,6.062000,6.063000,7705.0,1682592599999,46820.9574000,324,3655.6,22215.7346000,0,2.2331
1682592600000,6.064000,6.068000,6.053000,6.057000,3209.7,1682592899999,19452.8478000,169,1119.5,6786.8950000,0,2.1898
1682592900000,6.060000,6.075000,6.051000,6.065000,6608.5,1682593199999,40080.6436000,271,4203.3,25501.7473000,0,2.2701
1682593200000,6.066000,6.075000,6.062000,6.075000,3208.1,1682593499999,19470.7041000,244,2119.2,12862.3923000,0,2.2196
1682593500000,6.074000,6.082000,6.057000,6.081000,4028.0,1682593799999,24428.5423000,177,1521.1,9229.5971000,0,2.2154
1682593800000,6.081000,6.082000,6.063000,6.071000,3503.3,1682594099999,21275.0100000,245,1208.3,7339.0912000,0,2.2906
1682594100000,6.067000,6.069000,6.049000,6.061000,4619.8,1682594399999,27989.7286000,290,1779.1,10781.1632000,0,2.3445
1682594400000,6.061000,6.071000,6.046000,6.067000,5167.5,1682594699999,31291.7794000,179,2148.0,13020.6786000,0,2.3289
1682594700000,6.067000,6.067000,6.055000,6.061000,937.3,1682594999999,5680.9471000,72,356.8,2162.8310000,0,2.2595
1682595000000,6.061000,6.075000,6.061000,6.063000,4125.0,1682595299999,25029.6133000,182,2718.2,16496.1215000,0,2.2658
1682595300000,6.063000,6.063000,6.043000,6.049000,3985.8,1682595599999,24131.6806000,119,1349.6,8176.5680000,0,2.2648
1682595600000,6.050000,6.054000,6.038000,6.045000,3324.0,1682595899999,20092.0510000,157,1261.4,7628.5599000,0,2.2658
1682595900000,6.043000,6.047000,6.035000,6.040000,4331.4,1682596199999,26160.6109000,142,1322.8,7992.1650000,0,2.2808
1682596200000,6.040000,6.048000,6.036000,6.042000,1764.7,1682596499999,10660.1701000,142,893.6,5398.7660000,0,2.2165
1682596500000,6.043000,6.050000,6.038000,6.050000,3008.2,1682596799999,18188.8918000,87,1810.0,10946.6723000,0,2.2237
1682596800000,6.050000,6.056000,6.032000,6.051000,4908.1,1682597099999,29661.8521000,305,2706.0,16353.4903000,0,2.2279
1682597100000,6.051000,6.058000,6.037000,6.051000,2566.5,1682597399999,15530.8295000,254,1682.7,10183.2884000,0,2.1756
1682597400000,6.051000,6.056000,6.034000,6.056000,4595.7,1682597699999,27779.3090000,241,1914.1,11573.9261000,0,2.1576
1682597700000,6.056000,6.072000,6.055000,6.072000,3667.4,1682597999999,22228.2830000,126,2594.1,15724.9346000,0,2.1878
1682598000000,6.069000,6.073000,6.044000,6.044000,4584.1,1682598299999,27794.4293000,196,2110.2,12797.6570000,0,2.1878
1682598300000,6.047000,6.068000,6.036000,6.058000,3359.8,1682598599999,20325.1941000,134,2476.1,14979.0736000,0,2.1959
1682598600000,6.051000,6.057000,5.997000,6.038000,17814.3,1682598899999,107369.8301000,705,10101.2,60920.6851000,0,2.1586
1682598900000,6.032000,6.045000,6.008000,6.013000,3995.8,1682599199999,24070.7056000,203,1541.0,9288.2920000,0,2.2154
1682599200000,6.013000,6.041000,6.004000,6.007000,7908.9,1682599499999,47640.7654000,380,2268.2,13660.9748000,0,2.2927
1682599500000,6.007000,6.040000,6.007000,6.035000,6835.0,1682599799999,41184.2114000,425,3610.0,21749.2002000,0,2.3557
1682599800000,6.036000,6.044000,6.035000,6.040000,4572.7,1682600099999,27613.0730000,109,1541.2,9305.7855000,0,2.3190
1682600100000,6.040000,6.041000,6.023000,6.035000,6605.6,1682600399999,39886.5274000,85,930.3,5608.6834000,0,2.2884
1682600400000,6.032000,6.045000,6.024000,6.040000,3462.5,1682600699999,20890.6947000,336,1790.7,10806.1446000,0,2.2457
1682600700000,6.041000,6.054000,6.026000,6.038000,3861.0,1682600999999,23327.2263000,219,1548.1,9356.3170000,0,2.2819
1682601000000,6.039000,6.059000,6.039000,6.047000,4063.0,1682601299999,24582.5475000,195,2500.7,15129.8077000,0,2.3389
1682601300000,6.044000,6.047000,6.041000,6.044000,1817.3,1682601599999,10983.4757000,100,940.2,5683.1137000,0,2.2971
1682601600000,6.044000,6.061000,6.041000,6.049000,6131.6,1682601899999,37103.5035000,232,4772.8,28880.0928000,0,2.3146
1682601900000,6.048000,6.057000,6.043000,6.044000,2663.6,1682602199999,16105.9051000,125,751.9,4547.6122000,0,2.2258
1682602200000,6.045000,6.047000,6.029000,6.038000,1557.4,1682602499999,9406.0543000,130,419.8,2535.8820000,0,2.2541
1682602500000,6.038000,6.060000,6.038000,6.046000,1296.3,1682602799999,7844.3100000,89,428.8,2595.1232000,0,2.2499
1682602800000,6.052000,6.080000,6.043000,6.046000,5922.0,1682603099999,35927.1605000,206,4254.6,25826.8680000,0,2.2830
1682603100000,6.049000,6.054000,6.044000,6.053000,1007.4,1682603399999,6094.4292000,99,638.9,3864.9775000,0,2.2258
1682603400000,6.053000,6.063000,6.047000,6.063000,1596.9,1682603699999,9670.0863000,82,848.2,5136.9542000,0,2.2216
1682603700000,6.063000,6.069000,6.050000,6.066000,4166.3,1682603999999,25238.0681000,205,1963.6,11896.9633000,0,2.2134
1682604000000,6.065000,6.085000,6.057000,6.076000,4623.0,1682604299999,28056.0584000,276,2731.9,16579.4336000,0,2.2237
1682604300000,6.076000,6.076000,6.061000,6.070000,2420.5,1682604599999,14684.8941000,161,757.5,4597.4315000,0,2.2669
1682604600000,6.070000,6.079000,6.062000,6.066000,2925.6,1682604899999,17749.2689000,149,1813.6,11003.5611000,0,2.2938
1682604900000,6.068000,6.089000,6.068000,6.079000,5340.2,1682605199999,32465.5619000,198,2706.6,16455.5911000,0,2.3014
1682605200000,6.077000,6.077000,6.062000,6.065000,3143.3,1682605499999,19064.0430000,97,2064.7,12520.9002000,0,2.2808
1682605500000,6.065000,6.074000,6.048000,6.066000,5215.6,1682605799999,31616.6296000,147,665.4,4035.5560000,0,2.2489
1682605800000,6.066000,6.070000,6.058000,6.067000,1878.1,1682606099999,11392.2381000,99,997.9,6053.6085000,0,2.2971
1682606100000,6.067000,6.074000,6.058000,6.072000,2336.1,1682606399999,14175.6407000,115,1527.7,9272.8742000,0,2.2971
1682606400000,6.068000,6.069000,6.062000,6.066000,1109.3,1682606699999,6727.7249000,59,529.3,3209.9895000,0,2.2776
1682606700000,6.067000,6.076000,6.050000,6.075000,6264.9,1682606999999,37970.9955000,259,1885.8,11441.6122000,0,2.2971
1682607000000,6.075000,6.076000,6.061000,6.068000,2070.1,1682607299999,12555.7105000,193,774.4,4696.3882000,0,2.3501
1682607300000,6.068000,6.068000,6.033000,6.042000,5368.3,1682607599999,32460.3169000,241,1175.3,7108.2694000,0,2.3875
1682607600000,6.046000,6.050000,6.036000,6.044000,2172.1,1682607899999,13125.0032000,304,809.1,4890.3440000,0,2.4317
1682607900000,6.045000,6.055000,6.043000,6.052000,1232.3,1682608199999,7451.5229000,59,490.9,2969.0543000,0,2.4095
1682608200000,6.052000,6.067000,6.046000,6.051000,1699.2,1682608499999,10288.6901000,123,1188.3,7195.4288000,0,2.4048
1682608500000,6.050000,6.074000,6.050000,6.073000,1725.8,1682608799999,10468.3446000,183,1239.9,7523.2607000,0,2.4376
1682608800000,6.073000,6.141000,6.070000,6.136000,10861.7,1682609099999,66411.3303000,510,5428.3,33134.6556000,0,2.4014
1682609100000,6.131000,6.137000,6.103000,6.110000,4888.8,1682609399999,29892.6097000,175,2323.2,14196.5946000,0,2.4247
1682609400000,6.111000,6.142000,6.111000,6.127000,5774.3,1682609699999,35408.1261000,215,3019.2,18510.7809000,0,2.3990
1682609700000,6.127000,6.137000,6.123000,6.135000,1961.6,1682609999999,12021.2398000,110,907.7,5563.3577000,0,2.3568
1682610000000,6.133000,6.137000,6.081000,6.085000,3720.4,1682610299999,22760.0081000,186,880.2,5385.2654000,0,2.3501
1682610300000,6.082000,6.103000,6.030000,6.094000,11586.8,1682610599999,70281.9015000,409,6305.0,38281.9387000,0,2.3795
1682610600000,6.093000,6.129000,6.093000,6.113000,9453.2,1682610899999,57796.3448000,340,4208.1,25730.7350000,0,2.3613
1682610900000,6.113000,6.136000,6.113000,6.136000,4031.1,1682611199999,24681.4707000,294,3130.1,19168.6762000,0,2.2873
1682611200000,6.128000,6.148000,6.127000,6.133000,4713.1,1682611499999,28939.9725000,379,3126.2,19195.3116000,0,2.2499
1682611500000,6.134000,6.136000,6.124000,6.124000,1515.6,1682611799999,9291.7093000,168,614.5,3767.8293000,0,2.2563
1682611800000,6.124000,6.134000,6.108000,6.112000,3895.8,1682612099999,23847.0272000,228,1376.6,8434.4865000,0,2.2404
1682612100000,6.113000,6.140000,6.113000,6.131000,4428.3,1682612399999,27162.3645000,204,2581.2,15831.9175000,0,2.3234
1682612400000,6.125000,6.137000,6.092000,6.099000,7476.4,1682612699999,45665.7203000,272,1492.8,9140.0915000,0,2.2541
1682612700000,6.100000,6.133000,6.100000,6.131000,3100.6,1682612999999,18974.0221000,146,2247.0,13749.3589000,0,2.2605
1682613000000,6.132000,6.137000,6.131000,6.132000,1050.5,1682613299999,6442.8586000,99,511.0,3134.3841000,0,2.2468
1682613300000,6.131000,6.132000,6.103000,6.120000,3332.5,1682613599999,20368.4768000,156,710.1,4345.8704000,0,2.2248
1682613600000,6.118000,6.134000,6.118000,6.134000,1324.8,1682613899999,8115.1298000,58,1007.3,6169.2709000,0,2.2457
1682613900000,6.132000,6.144000,6.107000,6.111000,3021.9,1682614199999,18509.6127000,169,1362.6,8353.7958000,0,2.2331
1682614200000,6.114000,6.135000,6.114000,6.135000,2148.8,1682614499999,13168.6026000,104,1428.7,8752.8199000,0,2.2321
1682614500000,6.133000,6.140000,6.133000,6.140000,1164.7,1682614799999,7147.0472000,59,674.7,4139.8678000,0,2.2175
1682614800000,6.140000,6.148000,6.139000,6.139000,3053.4,1682615099999,18761.6764000,150,1295.9,7962.9187000,0,2.2196
1682615100000,6.136000,6.145000,6.134000,6.145000,2666.2,1682615399999,16376.0072000,118,1828.4,11229.4373000,0,2.2258
1682615400000,6.147000,6.195000,6.147000,6.188000,11033.6,1682615699999,68121.4361000,458,8670.9,53535.7856000,0,2.2175
1682615700000,6.188000,6.215000,6.188000,6.215000,5602.4,1682615999999,34745.1268000,625,4204.6,26079.9327000,0,2.0395
1682616000000,6.214000,6.214000,6.188000,6.196000,5170.8,1682616299999,32052.7655000,301,2616.5,16217.6204000,0,2.1027
1682616300000,6.197000,6.209000,6.197000,6.209000,2334.1,1682616599999,14485.6990000,117,1297.5,8051.2459000,0,2.1328
1682616600000,6.208000,6.213000,6.196000,6.203000,4388.5,1682616899999,27223.7169000,245,2281.9,14156.6543000,0,2.0874
1682616900000,6.203000,6.214000,6.197000,6.209000,3486.2,1682617199999,21639.1479000,151,2065.7,12822.9448000,0,2.1114
1682617200000,6.210000,6.230000,6.210000,6.216000,2213.4,1682617499999,13771.5603000,143,1481.8,9220.3857000,0,2.1192
1682617500000,6.221000,6.260000,6.220000,6.237000,7000.0,1682617799999,43685.6527000,375,4735.9,29565.7932000,0,2.0609
1682617800000,6.242000,6.260000,6.225000,6.233000,3796.3,1682618099999,23693.1089000,281,1360.8,8500.0872000,0,2.0618
1682618100000,6.233000,6.241000,6.216000,6.224000,3236.6,1682618399999,20160.0360000,201,1435.5,8943.0504000,0,2.1456
1682618400000,6.223000,6.258000,6.223000,6.255000,7696.2,1682618699999,48085.4405000,461,4579.6,28601.9746000,0,2.1736
1682618700000,6.255000,6.271000,6.242000,6.248000,5576.5,1682618999999,34888.2006000,296,3176.3,19878.8951000,0,2.1596
1682619000000,6.246000,6.273000,6.246000,6.260000,4120.4,1682619299999,25799.5032000,223,2023.5,12669.0937000,0,2.1656
1682619300000,6.258000,6.276000,6.257000,6.274000,2776.7,1682619599999,17406.8981000,203,1572.6,9858.5909000,0,2.1506
1682619600000,6.275000,6.286000,6.268000,6.281000,3988.2,1682619899999,25037.9172000,215,1479.5,9289.0052000,0,2.1309
1682619900000,6.281000,6.290000,6.274000,6.276000,3171.1,1682620199999,19923.7518000,169,1277.4,8025.7527000,0,2.1466
1682620200000,6.277000,6.286000,6.234000,6.275000,15990.0,1682620499999,100101.5462000,484,4198.3,26296.1703000,0,2.1407
1682620500000,6.275000,6.275000,6.248000,6.258000,5712.8,1682620799999,35773.9791000,314,1365.6,8554.8384000,0,2.2478
1682620800000,6.258000,6.278000,6.256000,6.278000,3980.5,1682621099999,24946.8477000,212,1748.9,10959.9713000,0,2.1496
1682621100000,6.280000,6.296000,6.270000,6.272000,4052.0,1682621399999,25456.4705000,405,2298.1,14438.2799000,0,2.1279
1682621400000,6.274000,6.294000,6.265000,6.287000,4801.9,1682621699999,30169.1651000,462,2695.2,16937.9457000,0,2.0395
1682621700000,6.287000,6.287000,6.263000,6.275000,2602.7,1682621999999,16345.0705000,193,693.5,4354.9240000,0,2.1646
1682622000000,6.269000,6.289000,6.269000,6.273000,4596.1,1682622299999,28868.5166000,350,1998.0,12548.4733000,0,2.1746
1682622300000,6.273000,6.284000,6.245000,6.246000,4262.8,1682622599999,26720.8428000,262,1276.5,8012.9183000,0,2.2123
1682622600000,6.248000,6.257000,6.209000,6.245000,19007.3,1682622899999,118437.7458000,834,6148.0,38373.1569000,0,2.0193
1682622900000,6.246000,6.274000,6.244000,6.270000,5216.1,1682623199999,32644.0227000,354,3324.4,20804.0443000,0,2.1299
1682623200000,6.268000,6.274000,6.245000,6.270000,3917.0,1682623499999,24509.0896000,198,936.8,5866.4281000,0,2.0921
1682623500000,6.268000,6.270000,6.260000,6.268000,1583.0,1682623799999,9916.9530000,156,597.6,3744.0931000,0,2.1616
1682623800000,6.269000,6.283000,6.260000,6.277000,4309.9,1682624099999,27038.1033000,272,1413.1,8867.8423000,0,2.1756
1682624100000,6.280000,6.286000,6.279000,6.283000,1876.1,1682624399999,11786.8386000,115,849.3,5336.4828000,0,2.1980
1682624400000,6.283000,6.290000,6.282000,6.283000,2923.6,1682624699999,18370.4054000,115,1721.8,10818.7247000,0,2.1496
1682624700000,6.282000,6.294000,6.281000,6.284000,2314.5,1682624999999,14548.2249000,145,1327.9,8347.9493000,0,2.1447
1682625000000,6.287000,6.294000,6.280000,6.284000,4136.5,1682625299999,26005.7788000,273,2323.6,14609.8862000,0,2.0960
1682625300000,6.283000,6.291000,6.279000,6.282000,1612.9,1682625599999,10134.7797000,79,987.3,6201.9481000,0,2.1299
1682625600000,6.282000,6.304000,6.282000,6.299000,8221.4,1682625899999,51761.8096000,332,5744.1,36164.8983000,0,2.1338
1682625900000,6.299000,6.308000,6.295000,6.295000,2786.9,1682626199999,17565.3830000,135,1512.5,9536.6820000,0,2.1696
1682626200000,6.295000,6.296000,6.250000,6.253000,3794.0,1682626499999,23775.0526000,195,1156.4,7246.6922000,0,2.1898
1682626500000,6.255000,6.277000,6.254000,6.272000,3029.1,1682626799999,18991.8414000,245,1513.0,9488.1050000,0,2.2123
1682626800000,6.268000,6.292000,6.264000,6.281000,3034.6,1682627099999,19038.0054000,297,2331.4,14625.8556000,0,2.0221
1682627100000,6.280000,6.285000,6.270000,6.279000,981.9,1682627399999,6163.2043000,86,485.4,3047.5518000,0,2.0979
1682627400000,6.280000,6.289000,6.258000,6.289000,3034.2,1682627699999,19031.7053000,162,1672.0,10490.5735000,0,2.0921
1682627700000,6.289000,6.289000,6.270000,6.284000,1462.3,1682627999999,9179.5502000,84,736.8,4623.6513000,0,2.0769
1682628000000,6.281000,6.284000,6.262000,6.274000,2017.4,1682628299999,12650.7712000,87,349.7,2194.2717000,0,2.0979
1682628300000,6.274000,6.274000,6.250000,6.269000,4260.0,1682628599999,26684.2663000,307,1628.8,10205.7803000,0,2.1546
1682628600000,6.269000,6.274000,6.261000,6.274000,2449.9,1682628899999,15357.9841000,135,1185.4,7431.7109000,0,2.1526
1682628900000,6.274000,6.360000,6.273000,6.301000,39293.4,1682629199999,247596.2130000,750,30607.9,192822.0664000,0,2.1348
1682629200000,6.300000,6.329000,6.267000,6.286000,14426.9,1682629499999,90714.8941000,563,8648.4,54395.7218000,0,2.0779
1682629500000,6.285000,6.304000,6.285000,6.298000,2401.3,1682629799999,15121.9551000,155,929.1,5850.4149000,0,2.0779
1682629800000,6.299000,6.304000,6.297000,6.301000,2240.4,1682630099999,14112.7032000,112,1017.1,6407.7102000,0,2.0675
1682630100000,6.301000,6.324000,6.301000,6.324000,2401.1,1682630399999,15161.2359000,214,1593.7,10063.2622000,0,2.0377
1682630400000,6.324000,6.343000,6.324000,6.343000,5663.6,1682630699999,35887.2728000,329,2988.1,18928.2824000,0,2.0266
1682630700000,6.342000,6.349000,6.335000,6.335000,3787.7,1682630999999,24022.7185000,213,1715.1,10880.8350000,0,2.0230
1682631000000,6.343000,6.348000,6.338000,6.339000,3187.0,1682631299999,20214.1822000,248,2034.5,12906.0410000,0,2.0139
1682631300000,6.339000,6.339000,6.310000,6.326000,6505.8,1682631599999,41140.5091000,261,1640.3,10366.6217000,0,2.0303
1682631600000,6.326000,6.330000,6.324000,6.330000,1453.2,1682631899999,9193.0838000,61,665.6,4210.9565000,0,2.0266
1682631900000,6.326000,6.327000,6.317000,6.319000,1290.4,1682632199999,8159.1615000,103,484.1,3060.9481000,0,2.0211
1682632200000,6.314000,6.323000,6.310000,6.316000,1493.8,1682632499999,9437.1775000,83,687.0,4340.1851000,0,2.0211
1682632500000,6.317000,6.332000,6.317000,6.324000,1380.7,1682632799999,8734.4443000,118,647.0,4091.1376000,0,2.0157
1682632800000,6.325000,6.325000,6.306000,6.318000,4304.7,1682633099999,27172.2265000,285,2244.5,14167.5872000,0,2.0039
1682633100000,6.318000,6.362000,6.314000,6.345000,8904.0,1682633399999,56477.2763000,388,7141.8,45307.3439000,0,1.9985
1682633400000,6.345000,6.356000,6.340000,6.342000,3164.0,1682633699999,20077.0053000,265,1242.5,7885.0202000,0,1.9735
1682633700000,6.345000,6.360000,6.343000,6.359000,1566.0,1682633999999,9948.7867000,136,1041.1,6614.2143000,0,1.9860
1682634000000,6.359000,6.360000,6.351000,6.352000,2118.1,1682634299999,13460.4857000,165,789.7,5019.6927000,0,1.9718
1682634300000,6.352000,6.356000,6.351000,6.355000,637.6,1682634599999,4051.2274000,67,312.7,1986.6774000,0,1.9878
1682634600000,6.356000,6.358000,6.351000,6.351000,1608.7,1682634899999,10223.7447000,124,618.8,3932.9079000,0,1.9806
1682634900000,6.352000,6.356000,6.350000,6.355000,2200.5,1682635199999,13977.9632000,92,377.8,2400.2846000,0,1.9771
1682635200000,6.352000,6.385000,6.352000,6.384000,5279.6,1682635499999,33635.2971000,216,3790.9,24151.0680000,0,1.9824
1682635500000,6.384000,6.392000,6.354000,6.377000,7366.9,1682635799999,46961.2134000,446,4885.4,31144.7935000,0,1.9326
1682635800000,6.381000,6.383000,6.345000,6.349000,5334.3,1682636099999,33955.3528000,238,2090.0,13289.0193000,0,1.9499
1682636100000,6.352000,6.368000,6.350000,6.360000,4921.4,1682636399999,31290.9808000,196,1906.4,12117.1720000,0,1.9647
1682636400000,6.360000,6.364000,6.333000,6.344000,11436.3,1682636699999,72548.0562000,358,4024.3,25529.3002000,0,1.9842
1682636700000,6.344000,6.407000,6.344000,6.388000,10411.2,1682636999999,66504.1208000,454,5929.5,37865.2108000,0,1.9665
1682637000000,6.387000,6.390000,6.372000,6.377000,5311.9,1682637299999,33885.4318000,162,1336.7,8531.3557000,0,1.9577
1682637300000,6.378000,6.406000,6.367000,6.406000,3796.6,1682637599999,24247.2266000,244,2214.4,14142.0757000,0,1.9647
1682637600000,6.405000,6.406000,6.389000,6.403000,2197.6,1682637899999,14061.3047000,193,885.9,5668.7170000,0,1.9189
1682637900000,6.404000,6.433000,6.404000,6.416000,5530.0,1682638199999,35502.0123000,348,4087.2,26236.9851000,0,1.9274
1682638200000,6.416000,6.434000,6.402000,6.427000,8548.6,1682638499999,54901.6417000,634,4288.9,27536.7245000,0,1.8596
1682638500000,6.427000,6.444000,6.406000,6.443000,5829.2,1682638799999,37470.5933000,345,3539.6,22759.0804000,0,1.9002
1682638800000,6.443000,6.443000,6.414000,6.433000,6024.2,1682639099999,38726.5583000,282,3238.7,20816.1411000,0,1.8860
1682639100000,6.431000,6.431000,6.401000,6.412000,7381.3,1682639399999,47300.0297000,370,1984.6,12716.0521000,0,1.8752
1682639400000,6.412000,6.444000,6.409000,6.444000,6318.3,1682639699999,40598.9194000,258,3368.9,21643.8022000,0,1.8769
1682639700000,6.442000,6.479000,6.440000,6.470000,10951.2,1682639999999,70730.9865000,492,7000.3,45210.8647000,0,1.8563
1682640000000,6.471000,6.471000,6.407000,6.441000,31928.6,1682640299999,205647.2105000,734,13565.0,87229.4557000,0,1.8944
1682640300000,6.441000,6.447000,6.419000,6.432000,11127.7,1682640599999,71565.9518000,479,4498.6,28929.0958000,0,1.8662
1682640600000,6.433000,6.446000,6.417000,6.444000,14829.1,1682640899999,95415.1307000,557,9131.9,58784.6311000,0,1.9044
1682640900000,6.445000,6.552000,6.440000,6.549000,30900.6,1682641199999,200720.1774000,1365,24697.5,160479.4218000,0,1.8458
1682641200000,6.548000,6.549000,6.481000,6.504000,30160.5,1682641499999,196253.5528000,1090,17628.1,114697.2762000,0,1.7933
1682641500000,6.510000,6.518000,6.465000,6.481000,16179.6,1682641799999,105105.4859000,618,6312.5,41040.9291000,0,1.8571
1682641800000,6.479000,6.536000,6.470000,6.508000,20318.3,1682642099999,132039.0591000,855,11796.8,76663.6865000,0,1.8563
1682642100000,6.507000,6.566000,6.506000,6.556000,22514.3,1682642399999,147355.1001000,923,13603.8,89011.8459000,0,1.8490
1682642400000,6.555000,6.572000,6.543000,6.552000,16727.3,1682642699999,109686.8595000,703,8729.7,57255.6418000,0,1.7693
1682642700000,6.552000,6.556000,6.518000,6.528000,16591.9,1682642999999,108399.6609000,611,7621.6,49793.7910000,0,1.7855
1682643000000,6.532000,6.533000,6.515000,6.516000,7420.6,1682643299999,48402.8141000,293,3504.5,22860.1285000,0,1.7793
1682643300000,6.517000,6.523000,6.484000,6.499000,15365.3,1682643599999,99885.7965000,550,4366.7,28416.8690000,0,1.8098
1682643600000,6.498000,6.514000,6.488000,6.490000,9502.4,1682643899999,61743.5890000,353,4181.1,27178.1324000,0,1.8233
1682643900000,6.489000,6.494000,6.467000,6.484000,11398.5,1682644199999,73870.4075000,410,3051.4,19779.6144000,0,1.8114
1682644200000,6.486000,6.493000,6.425000,6.437000,15682.4,1682644499999,101284.0291000,505,4969.9,32112.8420000,0,1.8249
1682644500000,6.437000,6.460000,6.373000,6.416000,37110.8,1682644799999,238161.3355000,1251,10676.0,68582.8917000,0,1.8090
1682644800000,6.415000,6.433000,6.394000,6.396000,12538.6,1682645099999,80438.7483000,457,6472.1,41532.9516000,0,1.8273
1682645100000,6.396000,6.405000,6.384000,6.387000,4901.1,1682645399999,31325.9056000,370,1596.7,10206.8686000,0,1.8902
1682645400000,6.387000,6.390000,6.371000,6.374000,7703.8,1682645699999,49162.5476000,331,1762.0,11250.3151000,0,1.8994
1682645700000,6.374000,6.384000,6.373000,6.381000,4523.9,1682645999999,28856.1103000,304,2544.4,16231.1939000,0,1.9274
1682646000000,6.381000,6.465000,6.380000,6.458000,14974.1,1682646299999,96200.6186000,611,11878.0,76311.1586000,0,1.9197
1682646300000,6.458000,6.473000,6.426000,6.473000,12486.6,1682646599999,80525.7057000,412,6978.3,45013.5757000,0,1.8265
1682646600000,6.472000,6.472000,6.403000,6.419000,12633.4,1682646899999,81275.1636000,495,3281.3,21085.2743000,0,1.8653
1682646900000,6.418000,6.440000,6.418000,6.439000,4871.6,1682647199999,31349.3767000,178,1600.7,10297.9599000,0,1.8835
1682647200000,6.440000,6.441000,6.422000,6.428000,5138.8,1682647499999,33069.3788000,150,1479.4,9511.5198000,0,1.8827
1682647500000,6.427000,6.427000,6.417000,6.419000,3665.9,1682647799999,23542.6981000,84,973.7,6251.2525000,0,1.9129
1682647800000,6.419000,6.419000,6.386000,6.397000,4314.2,1682648099999,27618.5486000,191,1263.7,8085.5516000,0,1.9011
1682648100000,6.396000,6.399000,6.369000,6.387000,5574.6,1682648399999,35580.2317000,263,2307.3,14723.8957000,0,1.9138
1682648400000,6.388000,6.388000,6.365000,6.371000,3989.5,1682648699999,25417.4040000,267,1600.1,10191.0935000,0,1.9308
1682648700000,6.371000,6.374000,6.346000,6.351000,8156.5,1682648999999,51896.2200000,330,2463.0,15683.9118000,0,1.9274
1682649000000,6.352000,6.383000,6.352000,6.382000,6723.0,1682649299999,42852.0839000,339,3602.4,22956.0792000,0,1.9240
1682649300000,6.382000,6.382000,6.363000,6.373000,3747.1,1682649599999,23887.1551000,122,2564.7,16350.2402000,0,1.9019
1682649600000,6.369000,6.373000,6.364000,6.373000,1013.0,1682649899999,6450.8139000,62,476.0,3031.2430000,0,1.8969
1682649900000,6.373000,6.373000,6.352000,6.354000,2595.2,1682650199999,16513.9739000,120,651.1,4142.7469000,0,1.9028
1682650200000,6.354000,6.376000,6.353000,6.375000,2769.4,1682650499999,17628.4335000,128,1139.9,7253.3276000,0,1.9265
1682650500000,6.375000,6.376000,6.352000,6.373000,1899.4,1682650799999,12083.5032000,130,1023.4,6506.7375000,0,1.9189
1682650800000,6.373000,6.373000,6.342000,6.347000,7070.3,1682651099999,44925.7786000,317,2544.7,16162.2452000,0,1.9438
1682651100000,6.347000,6.353000,6.334000,6.345000,3671.1,1682651399999,23280.2704000,187,1722.9,10924.4817000,0,1.9429
1682651400000,6.345000,6.352000,6.334000,6.350000,2654.1,1682651699999,16840.0005000,150,1110.0,7041.2865000,0,1.9394
1682651700000,6.349000,6.359000,6.337000,6.349000,2378.7,1682651999999,15101.6401000,153,1208.6,7672.5737000,0,1.9472
1682652000000,6.349000,6.360000,6.347000,6.350000,2249.8,1682652299999,14293.1144000,175,1292.1,8208.0843000,0,1.9507
1682652300000,6.350000,6.350000,6.325000,6.345000,3050.5,1682652599999,19326.3441000,190,1407.4,8918.3871000,0,1.9291
1682652600000,6.343000,6.343000,6.328000,6.331000,2853.4,1682652899999,18075.9958000,167,1093.9,6930.0300000,0,1.9343
1682652900000,6.334000,6.350000,6.334000,6.349000,2678.8,1682653199999,16984.3982000,231,1168.3,7410.2060000,0,1.9568
1682653200000,6.348000,6.355000,6.339000,6.353000,1891.1,1682653499999,12000.9665000,142,1115.9,7081.8368000,0,1.9647
1682653500000,6.352000,6.352000,6.339000,6.347000,2873.3,1682653799999,18236.8716000,255,1322.8,8395.8328000,0,1.9815
1682653800000,6.350000,6.354000,6.344000,6.354000,1374.8,1682654099999,8729.2933000,87,818.1,5194.8699000,0,1.9735
1682654100000,6.353000,6.353000,6.334000,6.339000,3691.9,1682654399999,23408.5361000,249,983.8,6238.1573000,0,2.0030
1682654400000,6.341000,6.346000,6.337000,6.340000,5641.4,1682654699999,35785.0087000,174,2086.9,13241.2364000,0,1.9895
1682654700000,6.340000,6.340000,6.331000,6.338000,3271.7,1682654999999,20732.5256000,103,1249.9,7921.8713000,0,1.9753
1682655000000,6.338000,6.352000,6.328000,6.340000,3161.0,1682655299999,20035.0380000,134,1331.2,8438.4532000,0,1.9718
1682655300000,6.338000,6.352000,6.324000,6.339000,4000.5,1682655599999,25333.8730000,373,1598.0,10121.9348000,0,2.0285
1682655600000,6.340000,6.343000,6.320000,6.331000,4331.3,1682655899999,27421.2083000,236,1128.3,7143.7370000,0,2.0479
1682655900000,6.330000,6.337000,6.320000,6.335000,4554.2,1682656199999,28808.3619000,329,2381.6,15069.9729000,0,2.1037
1682656200000,6.335000,6.343000,6.327000,6.340000,3515.5,1682656499999,22274.9588000,285,1306.9,8281.0641000,0,2.1270
1682656500000,6.337000,6.337000,6.326000,6.332000,3466.3,1682656799999,21944.2676000,187,1537.6,9732.8274000,0,2.1456
1682656800000,6.332000,6.341000,6.328000,6.341000,1616.0,1682657099999,10233.6457000,170,1043.1,6605.7431000,0,2.1456
1682657100000,6.340000,6.340000,6.329000,6.332000,1908.8,1682657399999,12087.9930000,103,873.3,5530.2940000,0,2.1486
1682657400000,6.331000,6.331000,6.328000,6.329000,915.5,1682657699999,5794.3882000,72,363.2,2298.6928000,0,2.1656
